best fit [1σ range] (Δχ² of the ordering's minimum); Newtrinos | NuFIT 6.0 IC19 w/o SK-atm
T12 NO  0.3029 [0.2937, 0.3157] (0.02)          | 0.31 [0.2964, 0.3195] (0.59)
T12 IO  0.3029 [0.2942, 0.3169] (3.01)          | 0.31 [0.2964, 0.3195] (0.00)
T13 NO  0.02186 [0.0212, 0.02274] (0.03)        | 0.0219 [0.02137, 0.02251] (0.59)
T13 IO  0.02225 [0.02156, 0.02307] (2.96)       | 0.0222 [0.02167, 0.0228] (0.00)
T23 NO  0.56 [0.5358, 0.5708] (0.05)            | 0.56 [0.462, 0.5734] (0.59)
T23 IO  0.56 [0.5379, 0.5704] (3.02)            | 0.56 [0.5471, 0.5744] (0.00)
DCP NO  180 [158.7, 201.5] (0.00)               | 175 [156.6, 213.2] (0.59)
DCP IO  270 [246.7, 303.4] (3.01)               | 285 [256.1, 309.8] (0.00)
DMS NO  7.5 [7.36, 7.699] (0.03)                | 7.499 [7.318, 7.667] (0.59)
DMS IO  7.5 [7.364, 7.703] (2.99)               | 7.499 [7.318, 7.667] (0.00)
DMA NO  2.52 [2.486, 2.539] (0.08)              | 2.535 [2.512, 2.558] (0.59)
DMA IO  -2.485 [-2.507, -2.454] (2.98)          | -2.51 [-2.534, -2.486] (0.00)
