         LMA survival probabilities

Figure 1 of hep-ph/0002293
by J. N. Bahcall, P. I. Krastev, and A. Yu. Smirnov.

The first column is the neutrino energy in MeV.  
The second through fourth columns are the survival
probabilities for the daytime only, the average of
day plus night, and the night only, respectively.

     E         Day     Day + Night   Night
   (MeV) 

 0.1000E+00 0.5933E+00 0.5949E+00 0.5974E+00
 0.1200E+00 0.5914E+00 0.5906E+00 0.5907E+00
 0.1400E+00 0.5894E+00 0.5887E+00 0.5889E+00
 0.1600E+00 0.5873E+00 0.5868E+00 0.5872E+00
 0.1800E+00 0.5853E+00 0.5849E+00 0.5853E+00
 0.2000E+00 0.5832E+00 0.5827E+00 0.5830E+00
 0.2200E+00 0.5811E+00 0.5807E+00 0.5812E+00
 0.2400E+00 0.5790E+00 0.5783E+00 0.5784E+00
 0.2600E+00 0.5768E+00 0.5762E+00 0.5763E+00
 0.2800E+00 0.5747E+00 0.5742E+00 0.5744E+00
 0.3000E+00 0.5725E+00 0.5720E+00 0.5722E+00
 0.3200E+00 0.5703E+00 0.5697E+00 0.5699E+00
 0.3400E+00 0.5680E+00 0.5675E+00 0.5677E+00
 0.3600E+00 0.5658E+00 0.5652E+00 0.5655E+00
 0.3800E+00 0.5635E+00 0.5629E+00 0.5632E+00
 0.4000E+00 0.5612E+00 0.5606E+00 0.5609E+00
 0.4200E+00 0.5588E+00 0.5583E+00 0.5585E+00
 0.4400E+00 0.5565E+00 0.5560E+00 0.5563E+00
 0.4600E+00 0.5541E+00 0.5537E+00 0.5540E+00
 0.4800E+00 0.5517E+00 0.5512E+00 0.5515E+00
 0.5000E+00 0.5493E+00 0.5487E+00 0.5489E+00
 0.5200E+00 0.5469E+00 0.5463E+00 0.5465E+00
 0.5400E+00 0.5445E+00 0.5440E+00 0.5442E+00
 0.5600E+00 0.5420E+00 0.5415E+00 0.5418E+00
 0.5800E+00 0.5396E+00 0.5390E+00 0.5393E+00
 0.6000E+00 0.5371E+00 0.5366E+00 0.5368E+00
 0.6200E+00 0.5346E+00 0.5341E+00 0.5343E+00
 0.6400E+00 0.5321E+00 0.5316E+00 0.5318E+00
 0.6600E+00 0.5296E+00 0.5291E+00 0.5293E+00
 0.6800E+00 0.5270E+00 0.5266E+00 0.5268E+00
 0.7000E+00 0.5245E+00 0.5240E+00 0.5243E+00
 0.7200E+00 0.5219E+00 0.5215E+00 0.5218E+00
 0.7400E+00 0.5194E+00 0.5189E+00 0.5192E+00
 0.7600E+00 0.5168E+00 0.5164E+00 0.5167E+00
 0.7800E+00 0.5143E+00 0.5138E+00 0.5141E+00
 0.8000E+00 0.5117E+00 0.5113E+00 0.5116E+00
 0.8200E+00 0.5091E+00 0.5087E+00 0.5090E+00
 0.8400E+00 0.5065E+00 0.5061E+00 0.5065E+00
 0.8600E+00 0.5039E+00 0.5036E+00 0.5039E+00
 0.8800E+00 0.5014E+00 0.5010E+00 0.5014E+00
 0.9000E+00 0.4988E+00 0.4984E+00 0.4988E+00
 0.9200E+00 0.4962E+00 0.4959E+00 0.4963E+00
 0.9400E+00 0.4936E+00 0.4933E+00 0.4937E+00
 0.9600E+00 0.4911E+00 0.4908E+00 0.4912E+00
 0.9800E+00 0.4885E+00 0.4882E+00 0.4886E+00
 0.1000E+01 0.4859E+00 0.4857E+00 0.4861E+00
 0.1020E+01 0.4834E+00 0.4831E+00 0.4836E+00
 0.1040E+01 0.4808E+00 0.4806E+00 0.4811E+00
 0.1060E+01 0.4783E+00 0.4781E+00 0.4786E+00
 0.1080E+01 0.4757E+00 0.4756E+00 0.4761E+00
 0.1100E+01 0.4732E+00 0.4731E+00 0.4736E+00
 0.1120E+01 0.4707E+00 0.4706E+00 0.4711E+00
 0.1140E+01 0.4682E+00 0.4681E+00 0.4686E+00
 0.1160E+01 0.4657E+00 0.4656E+00 0.4662E+00
 0.1180E+01 0.4632E+00 0.4632E+00 0.4637E+00
 0.1200E+01 0.4608E+00 0.4607E+00 0.4613E+00
 0.1220E+01 0.4583E+00 0.4583E+00 0.4590E+00
 0.1240E+01 0.4559E+00 0.4559E+00 0.4566E+00
 0.1260E+01 0.4535E+00 0.4535E+00 0.4542E+00
 0.1280E+01 0.4511E+00 0.4512E+00 0.4519E+00
 0.1300E+01 0.4487E+00 0.4488E+00 0.4495E+00
 0.1320E+01 0.4464E+00 0.4465E+00 0.4472E+00
 0.1340E+01 0.4440E+00 0.4442E+00 0.4449E+00
 0.1360E+01 0.4417E+00 0.4419E+00 0.4427E+00
 0.1380E+01 0.4394E+00 0.4396E+00 0.4404E+00
 0.1400E+01 0.4371E+00 0.4374E+00 0.4382E+00
 0.1420E+01 0.4349E+00 0.4351E+00 0.4360E+00
 0.1440E+01 0.4327E+00 0.4329E+00 0.4338E+00
 0.1460E+01 0.4304E+00 0.4308E+00 0.4317E+00
 0.1480E+01 0.4283E+00 0.4286E+00 0.4296E+00
 0.1500E+01 0.4261E+00 0.4265E+00 0.4274E+00
 0.1520E+01 0.4239E+00 0.4244E+00 0.4253E+00
 0.1540E+01 0.4218E+00 0.4223E+00 0.4233E+00
 0.1560E+01 0.4197E+00 0.4202E+00 0.4212E+00
 0.1580E+01 0.4177E+00 0.4182E+00 0.4192E+00
 0.1600E+01 0.4156E+00 0.4162E+00 0.4173E+00
 0.1620E+01 0.4136E+00 0.4142E+00 0.4153E+00
 0.1640E+01 0.4116E+00 0.4122E+00 0.4134E+00
 0.1660E+01 0.4096E+00 0.4103E+00 0.4116E+00
 0.1680E+01 0.4077E+00 0.4084E+00 0.4097E+00
 0.1700E+01 0.4058E+00 0.4065E+00 0.4079E+00
 0.1720E+01 0.4039E+00 0.4047E+00 0.4061E+00
 0.1740E+01 0.4020E+00 0.4028E+00 0.4042E+00
 0.1760E+01 0.4001E+00 0.4010E+00 0.4025E+00
 0.1780E+01 0.3983E+00 0.3992E+00 0.4007E+00
 0.1800E+01 0.3965E+00 0.3974E+00 0.3989E+00
 0.1820E+01 0.3947E+00 0.3957E+00 0.3972E+00
 0.1840E+01 0.3930E+00 0.3940E+00 0.3955E+00
 0.1860E+01 0.3913E+00 0.3923E+00 0.3939E+00
 0.1880E+01 0.3896E+00 0.3906E+00 0.3922E+00
 0.1900E+01 0.3879E+00 0.3890E+00 0.3906E+00
 0.1920E+01 0.3862E+00 0.3874E+00 0.3891E+00
 0.1940E+01 0.3846E+00 0.3858E+00 0.3875E+00
 0.1960E+01 0.3830E+00 0.3842E+00 0.3860E+00
 0.1980E+01 0.3814E+00 0.3827E+00 0.3845E+00
 0.2000E+01 0.3799E+00 0.3812E+00 0.3831E+00
 0.2020E+01 0.3783E+00 0.3797E+00 0.3816E+00
 0.2040E+01 0.3768E+00 0.3782E+00 0.3802E+00
 0.2060E+01 0.3754E+00 0.3768E+00 0.3787E+00
 0.2080E+01 0.3739E+00 0.3754E+00 0.3773E+00
 0.2100E+01 0.3725E+00 0.3740E+00 0.3760E+00
 0.2120E+01 0.3710E+00 0.3726E+00 0.3746E+00
 0.2140E+01 0.3696E+00 0.3712E+00 0.3733E+00
 0.2160E+01 0.3683E+00 0.3699E+00 0.3720E+00
 0.2180E+01 0.3669E+00 0.3686E+00 0.3707E+00
 0.2200E+01 0.3656E+00 0.3673E+00 0.3695E+00
 0.2220E+01 0.3643E+00 0.3660E+00 0.3682E+00
 0.2240E+01 0.3630E+00 0.3648E+00 0.3670E+00
 0.2260E+01 0.3617E+00 0.3635E+00 0.3658E+00
 0.2280E+01 0.3605E+00 0.3623E+00 0.3647E+00
 0.2300E+01 0.3593E+00 0.3611E+00 0.3635E+00
 0.2320E+01 0.3581E+00 0.3600E+00 0.3624E+00
 0.2340E+01 0.3569E+00 0.3588E+00 0.3613E+00
 0.2360E+01 0.3557E+00 0.3577E+00 0.3602E+00
 0.2380E+01 0.3546E+00 0.3566E+00 0.3592E+00
 0.2400E+01 0.3534E+00 0.3555E+00 0.3581E+00
 0.2420E+01 0.3523E+00 0.3545E+00 0.3571E+00
 0.2440E+01 0.3512E+00 0.3534E+00 0.3561E+00
 0.2460E+01 0.3501E+00 0.3524E+00 0.3551E+00
 0.2480E+01 0.3491E+00 0.3514E+00 0.3541E+00
 0.2500E+01 0.3481E+00 0.3504E+00 0.3532E+00
 0.2520E+01 0.3470E+00 0.3494E+00 0.3523E+00
 0.2540E+01 0.3460E+00 0.3485E+00 0.3514E+00
 0.2560E+01 0.3450E+00 0.3475E+00 0.3505E+00
 0.2580E+01 0.3441E+00 0.3466E+00 0.3496E+00
 0.2600E+01 0.3431E+00 0.3457E+00 0.3488E+00
 0.2620E+01 0.3422E+00 0.3448E+00 0.3480E+00
 0.2640E+01 0.3412E+00 0.3440E+00 0.3471E+00
 0.2660E+01 0.3403E+00 0.3431E+00 0.3463E+00
 0.2680E+01 0.3394E+00 0.3423E+00 0.3456E+00
 0.2700E+01 0.3386E+00 0.3414E+00 0.3448E+00
 0.2720E+01 0.3377E+00 0.3406E+00 0.3440E+00
 0.2740E+01 0.3368E+00 0.3398E+00 0.3432E+00
 0.2760E+01 0.3360E+00 0.3390E+00 0.3425E+00
 0.2780E+01 0.3352E+00 0.3382E+00 0.3417E+00
 0.2800E+01 0.3344E+00 0.3375E+00 0.3410E+00
 0.2820E+01 0.3336E+00 0.3367E+00 0.3403E+00
 0.2840E+01 0.3328E+00 0.3360E+00 0.3396E+00
 0.2860E+01 0.3320E+00 0.3352E+00 0.3389E+00
 0.2880E+01 0.3313E+00 0.3345E+00 0.3382E+00
 0.2900E+01 0.3305E+00 0.3338E+00 0.3375E+00
 0.2920E+01 0.3298E+00 0.3331E+00 0.3369E+00
 0.2940E+01 0.3291E+00 0.3324E+00 0.3362E+00
 0.2960E+01 0.3284E+00 0.3317E+00 0.3356E+00
 0.2980E+01 0.3277E+00 0.3311E+00 0.3350E+00
 0.3000E+01 0.3270E+00 0.3304E+00 0.3344E+00
 0.3020E+01 0.3263E+00 0.3298E+00 0.3338E+00
 0.3040E+01 0.3256E+00 0.3292E+00 0.3332E+00
 0.3060E+01 0.3250E+00 0.3286E+00 0.3327E+00
 0.3080E+01 0.3243E+00 0.3280E+00 0.3321E+00
 0.3100E+01 0.3237E+00 0.3274E+00 0.3316E+00
 0.3120E+01 0.3231E+00 0.3268E+00 0.3310E+00
 0.3140E+01 0.3225E+00 0.3263E+00 0.3305E+00
 0.3160E+01 0.3219E+00 0.3257E+00 0.3300E+00
 0.3180E+01 0.3213E+00 0.3252E+00 0.3295E+00
 0.3200E+01 0.3207E+00 0.3247E+00 0.3291E+00
 0.3220E+01 0.3201E+00 0.3241E+00 0.3286E+00
 0.3240E+01 0.3196E+00 0.3236E+00 0.3281E+00
 0.3260E+01 0.3190E+00 0.3231E+00 0.3277E+00
 0.3280E+01 0.3185E+00 0.3226E+00 0.3272E+00
 0.3300E+01 0.3179E+00 0.3221E+00 0.3268E+00
 0.3320E+01 0.3174E+00 0.3217E+00 0.3264E+00
 0.3340E+01 0.3169E+00 0.3212E+00 0.3259E+00
 0.3360E+01 0.3164E+00 0.3207E+00 0.3255E+00
 0.3380E+01 0.3159E+00 0.3203E+00 0.3251E+00
 0.3400E+01 0.3154E+00 0.3198E+00 0.3247E+00
 0.3420E+01 0.3149E+00 0.3194E+00 0.3243E+00
 0.3440E+01 0.3144E+00 0.3189E+00 0.3239E+00
 0.3460E+01 0.3139E+00 0.3185E+00 0.3235E+00
 0.3480E+01 0.3135E+00 0.3181E+00 0.3231E+00
 0.3500E+01 0.3130E+00 0.3177E+00 0.3228E+00
 0.3520E+01 0.3125E+00 0.3172E+00 0.3224E+00
 0.3540E+01 0.3121E+00 0.3168E+00 0.3220E+00
 0.3560E+01 0.3117E+00 0.3164E+00 0.3217E+00
 0.3580E+01 0.3112E+00 0.3160E+00 0.3213E+00
 0.3600E+01 0.3108E+00 0.3157E+00 0.3210E+00
 0.3620E+01 0.3104E+00 0.3153E+00 0.3206E+00
 0.3640E+01 0.3100E+00 0.3149E+00 0.3203E+00
 0.3660E+01 0.3096E+00 0.3145E+00 0.3199E+00
 0.3680E+01 0.3092E+00 0.3142E+00 0.3196E+00
 0.3700E+01 0.3088E+00 0.3138E+00 0.3193E+00
 0.3720E+01 0.3084E+00 0.3134E+00 0.3189E+00
 0.3740E+01 0.3080E+00 0.3131E+00 0.3186E+00
 0.3760E+01 0.3076E+00 0.3127E+00 0.3183E+00
 0.3780E+01 0.3072E+00 0.3124E+00 0.3180E+00
 0.3800E+01 0.3069E+00 0.3121E+00 0.3177E+00
 0.3820E+01 0.3065E+00 0.3117E+00 0.3174E+00
 0.3840E+01 0.3062E+00 0.3114E+00 0.3171E+00
 0.3860E+01 0.3058E+00 0.3111E+00 0.3168E+00
 0.3880E+01 0.3055E+00 0.3108E+00 0.3165E+00
 0.3900E+01 0.3051E+00 0.3105E+00 0.3162E+00
 0.3920E+01 0.3048E+00 0.3102E+00 0.3160E+00
 0.3940E+01 0.3045E+00 0.3099E+00 0.3157E+00
 0.3960E+01 0.3041E+00 0.3096E+00 0.3154E+00
 0.3980E+01 0.3038E+00 0.3093E+00 0.3152E+00
 0.4000E+01 0.3035E+00 0.3090E+00 0.3150E+00
 0.4020E+01 0.3032E+00 0.3088E+00 0.3148E+00
 0.4040E+01 0.3029E+00 0.3085E+00 0.3145E+00
 0.4060E+01 0.3026E+00 0.3082E+00 0.3143E+00
 0.4080E+01 0.3023E+00 0.3080E+00 0.3141E+00
 0.4100E+01 0.3020E+00 0.3078E+00 0.3139E+00
 0.4120E+01 0.3017E+00 0.3075E+00 0.3138E+00
 0.4140E+01 0.3014E+00 0.3073E+00 0.3136E+00
 0.4160E+01 0.3011E+00 0.3071E+00 0.3134E+00
 0.4180E+01 0.3009E+00 0.3068E+00 0.3132E+00
 0.4200E+01 0.3006E+00 0.3066E+00 0.3131E+00
 0.4220E+01 0.3003E+00 0.3064E+00 0.3129E+00
 0.4240E+01 0.3000E+00 0.3062E+00 0.3128E+00
 0.4260E+01 0.2998E+00 0.3060E+00 0.3126E+00
 0.4280E+01 0.2995E+00 0.3058E+00 0.3125E+00
 0.4300E+01 0.2993E+00 0.3056E+00 0.3123E+00
 0.4320E+01 0.2990E+00 0.3054E+00 0.3122E+00
 0.4340E+01 0.2988E+00 0.3052E+00 0.3121E+00
 0.4360E+01 0.2985E+00 0.3050E+00 0.3119E+00
 0.4380E+01 0.2983E+00 0.3048E+00 0.3118E+00
 0.4400E+01 0.2980E+00 0.3046E+00 0.3117E+00
 0.4420E+01 0.2978E+00 0.3045E+00 0.3116E+00
 0.4440E+01 0.2976E+00 0.3043E+00 0.3114E+00
 0.4460E+01 0.2973E+00 0.3041E+00 0.3113E+00
 0.4480E+01 0.2971E+00 0.3039E+00 0.3112E+00
 0.4500E+01 0.2969E+00 0.3038E+00 0.3111E+00
 0.4520E+01 0.2967E+00 0.3036E+00 0.3109E+00
 0.4540E+01 0.2965E+00 0.3034E+00 0.3108E+00
 0.4560E+01 0.2962E+00 0.3033E+00 0.3107E+00
 0.4580E+01 0.2960E+00 0.3031E+00 0.3106E+00
 0.4600E+01 0.2958E+00 0.3029E+00 0.3105E+00
 0.4620E+01 0.2956E+00 0.3028E+00 0.3103E+00
 0.4640E+01 0.2954E+00 0.3026E+00 0.3102E+00
 0.4660E+01 0.2952E+00 0.3024E+00 0.3101E+00
 0.4680E+01 0.2950E+00 0.3023E+00 0.3100E+00
 0.4700E+01 0.2948E+00 0.3021E+00 0.3098E+00
 0.4720E+01 0.2946E+00 0.3019E+00 0.3097E+00
 0.4740E+01 0.2944E+00 0.3018E+00 0.3096E+00
 0.4760E+01 0.2942E+00 0.3016E+00 0.3094E+00
 0.4780E+01 0.2940E+00 0.3015E+00 0.3093E+00
 0.4800E+01 0.2939E+00 0.3013E+00 0.3092E+00
 0.4820E+01 0.2937E+00 0.3012E+00 0.3091E+00
 0.4840E+01 0.2935E+00 0.3010E+00 0.3090E+00
 0.4860E+01 0.2933E+00 0.3009E+00 0.3088E+00
 0.4880E+01 0.2932E+00 0.3007E+00 0.3087E+00
 0.4900E+01 0.2930E+00 0.3006E+00 0.3086E+00
 0.4920E+01 0.2928E+00 0.3005E+00 0.3085E+00
 0.4940E+01 0.2926E+00 0.3003E+00 0.3084E+00
 0.4960E+01 0.2925E+00 0.3002E+00 0.3083E+00
 0.4980E+01 0.2923E+00 0.3001E+00 0.3083E+00
 0.5000E+01 0.2921E+00 0.3000E+00 0.3082E+00
 0.5020E+01 0.2920E+00 0.2998E+00 0.3081E+00
 0.5040E+01 0.2918E+00 0.2997E+00 0.3080E+00
 0.5060E+01 0.2917E+00 0.2996E+00 0.3080E+00
 0.5080E+01 0.2915E+00 0.2995E+00 0.3079E+00
 0.5100E+01 0.2914E+00 0.2994E+00 0.3079E+00
 0.5120E+01 0.2912E+00 0.2993E+00 0.3079E+00
 0.5140E+01 0.2911E+00 0.2992E+00 0.3078E+00
 0.5160E+01 0.2909E+00 0.2991E+00 0.3078E+00
 0.5180E+01 0.2908E+00 0.2991E+00 0.3078E+00
 0.5200E+01 0.2906E+00 0.2990E+00 0.3077E+00
 0.5220E+01 0.2905E+00 0.2989E+00 0.3077E+00
 0.5240E+01 0.2903E+00 0.2988E+00 0.3077E+00
 0.5260E+01 0.2902E+00 0.2987E+00 0.3077E+00
 0.5280E+01 0.2901E+00 0.2986E+00 0.3076E+00
 0.5300E+01 0.2899E+00 0.2986E+00 0.3076E+00
 0.5320E+01 0.2898E+00 0.2985E+00 0.3076E+00
 0.5340E+01 0.2897E+00 0.2984E+00 0.3076E+00
 0.5360E+01 0.2895E+00 0.2983E+00 0.3075E+00
 0.5380E+01 0.2894E+00 0.2982E+00 0.3075E+00
 0.5400E+01 0.2893E+00 0.2982E+00 0.3074E+00
 0.5420E+01 0.2891E+00 0.2981E+00 0.3074E+00
 0.5440E+01 0.2890E+00 0.2980E+00 0.3074E+00
 0.5460E+01 0.2889E+00 0.2979E+00 0.3073E+00
 0.5480E+01 0.2888E+00 0.2978E+00 0.3072E+00
 0.5500E+01 0.2887E+00 0.2977E+00 0.3072E+00
 0.5520E+01 0.2885E+00 0.2976E+00 0.3071E+00
 0.5540E+01 0.2884E+00 0.2975E+00 0.3071E+00
 0.5560E+01 0.2883E+00 0.2974E+00 0.3070E+00
 0.5580E+01 0.2882E+00 0.2973E+00 0.3069E+00
 0.5600E+01 0.2881E+00 0.2973E+00 0.3069E+00
 0.5620E+01 0.2880E+00 0.2972E+00 0.3068E+00
 0.5640E+01 0.2878E+00 0.2971E+00 0.3067E+00
 0.5660E+01 0.2877E+00 0.2970E+00 0.3066E+00
 0.5680E+01 0.2876E+00 0.2969E+00 0.3066E+00
 0.5700E+01 0.2875E+00 0.2968E+00 0.3065E+00
 0.5720E+01 0.2874E+00 0.2967E+00 0.3065E+00
 0.5740E+01 0.2873E+00 0.2966E+00 0.3064E+00
 0.5760E+01 0.2872E+00 0.2966E+00 0.3063E+00
 0.5780E+01 0.2871E+00 0.2965E+00 0.3063E+00
 0.5800E+01 0.2870E+00 0.2964E+00 0.3062E+00
 0.5820E+01 0.2869E+00 0.2963E+00 0.3062E+00
 0.5840E+01 0.2868E+00 0.2963E+00 0.3062E+00
 0.5860E+01 0.2867E+00 0.2962E+00 0.3061E+00
 0.5880E+01 0.2866E+00 0.2962E+00 0.3061E+00
 0.5900E+01 0.2865E+00 0.2961E+00 0.3061E+00
 0.5920E+01 0.2864E+00 0.2960E+00 0.3061E+00
 0.5940E+01 0.2863E+00 0.2960E+00 0.3061E+00
 0.5960E+01 0.2862E+00 0.2959E+00 0.3061E+00
 0.5980E+01 0.2861E+00 0.2959E+00 0.3061E+00
 0.6000E+01 0.2860E+00 0.2959E+00 0.3061E+00
 0.6020E+01 0.2859E+00 0.2958E+00 0.3061E+00
 0.6040E+01 0.2858E+00 0.2958E+00 0.3061E+00
 0.6060E+01 0.2858E+00 0.2958E+00 0.3062E+00
 0.6080E+01 0.2857E+00 0.2957E+00 0.3062E+00
 0.6100E+01 0.2856E+00 0.2957E+00 0.3062E+00
 0.6120E+01 0.2855E+00 0.2957E+00 0.3062E+00
 0.6140E+01 0.2854E+00 0.2956E+00 0.3063E+00
 0.6160E+01 0.2853E+00 0.2956E+00 0.3063E+00
 0.6180E+01 0.2852E+00 0.2956E+00 0.3063E+00
 0.6200E+01 0.2852E+00 0.2955E+00 0.3064E+00
 0.6220E+01 0.2851E+00 0.2955E+00 0.3064E+00
 0.6240E+01 0.2850E+00 0.2955E+00 0.3064E+00
 0.6260E+01 0.2849E+00 0.2955E+00 0.3064E+00
 0.6280E+01 0.2848E+00 0.2954E+00 0.3065E+00
 0.6300E+01 0.2847E+00 0.2954E+00 0.3065E+00
 0.6320E+01 0.2847E+00 0.2954E+00 0.3065E+00
 0.6340E+01 0.2846E+00 0.2954E+00 0.3065E+00
 0.6360E+01 0.2845E+00 0.2953E+00 0.3066E+00
 0.6380E+01 0.2844E+00 0.2953E+00 0.3066E+00
 0.6400E+01 0.2844E+00 0.2953E+00 0.3066E+00
 0.6420E+01 0.2843E+00 0.2952E+00 0.3066E+00
 0.6440E+01 0.2842E+00 0.2952E+00 0.3066E+00
 0.6460E+01 0.2841E+00 0.2952E+00 0.3066E+00
 0.6480E+01 0.2841E+00 0.2952E+00 0.3067E+00
 0.6500E+01 0.2840E+00 0.2951E+00 0.3067E+00
 0.6520E+01 0.2839E+00 0.2951E+00 0.3067E+00
 0.6540E+01 0.2839E+00 0.2951E+00 0.3067E+00
 0.6560E+01 0.2838E+00 0.2950E+00 0.3067E+00
 0.6580E+01 0.2837E+00 0.2950E+00 0.3067E+00
 0.6600E+01 0.2836E+00 0.2950E+00 0.3067E+00
 0.6620E+01 0.2836E+00 0.2950E+00 0.3067E+00
 0.6640E+01 0.2835E+00 0.2949E+00 0.3067E+00
 0.6660E+01 0.2834E+00 0.2949E+00 0.3068E+00
 0.6680E+01 0.2834E+00 0.2949E+00 0.3068E+00
 0.6700E+01 0.2833E+00 0.2948E+00 0.3068E+00
 0.6720E+01 0.2833E+00 0.2948E+00 0.3068E+00
 0.6740E+01 0.2832E+00 0.2948E+00 0.3068E+00
 0.6760E+01 0.2831E+00 0.2948E+00 0.3068E+00
 0.6780E+01 0.2831E+00 0.2948E+00 0.3069E+00
 0.6800E+01 0.2830E+00 0.2947E+00 0.3069E+00
 0.6820E+01 0.2829E+00 0.2947E+00 0.3069E+00
 0.6840E+01 0.2829E+00 0.2947E+00 0.3069E+00
 0.6860E+01 0.2828E+00 0.2947E+00 0.3070E+00
 0.6880E+01 0.2828E+00 0.2947E+00 0.3070E+00
 0.6900E+01 0.2827E+00 0.2947E+00 0.3070E+00
 0.6920E+01 0.2826E+00 0.2947E+00 0.3071E+00
 0.6940E+01 0.2826E+00 0.2946E+00 0.3071E+00
 0.6960E+01 0.2825E+00 0.2946E+00 0.3072E+00
 0.6980E+01 0.2825E+00 0.2946E+00 0.3072E+00
 0.7000E+01 0.2824E+00 0.2946E+00 0.3072E+00
 0.7020E+01 0.2824E+00 0.2946E+00 0.3073E+00
 0.7040E+01 0.2823E+00 0.2946E+00 0.3073E+00
 0.7060E+01 0.2822E+00 0.2946E+00 0.3074E+00
 0.7080E+01 0.2822E+00 0.2946E+00 0.3074E+00
 0.7100E+01 0.2821E+00 0.2946E+00 0.3075E+00
 0.7120E+01 0.2821E+00 0.2946E+00 0.3075E+00
 0.7140E+01 0.2820E+00 0.2946E+00 0.3076E+00
 0.7160E+01 0.2820E+00 0.2946E+00 0.3076E+00
 0.7180E+01 0.2819E+00 0.2946E+00 0.3077E+00
 0.7200E+01 0.2819E+00 0.2946E+00 0.3077E+00
 0.7220E+01 0.2818E+00 0.2946E+00 0.3077E+00
 0.7240E+01 0.2818E+00 0.2946E+00 0.3078E+00
 0.7260E+01 0.2817E+00 0.2946E+00 0.3078E+00
 0.7280E+01 0.2817E+00 0.2946E+00 0.3079E+00
 0.7300E+01 0.2816E+00 0.2946E+00 0.3079E+00
 0.7320E+01 0.2816E+00 0.2946E+00 0.3080E+00
 0.7340E+01 0.2815E+00 0.2946E+00 0.3080E+00
 0.7360E+01 0.2815E+00 0.2946E+00 0.3081E+00
 0.7380E+01 0.2814E+00 0.2946E+00 0.3081E+00
 0.7400E+01 0.2814E+00 0.2946E+00 0.3081E+00
 0.7420E+01 0.2813E+00 0.2946E+00 0.3082E+00
 0.7440E+01 0.2813E+00 0.2945E+00 0.3082E+00
 0.7460E+01 0.2812E+00 0.2945E+00 0.3083E+00
 0.7480E+01 0.2812E+00 0.2945E+00 0.3083E+00
 0.7500E+01 0.2811E+00 0.2945E+00 0.3083E+00
 0.7520E+01 0.2811E+00 0.2945E+00 0.3084E+00
 0.7540E+01 0.2811E+00 0.2945E+00 0.3084E+00
 0.7560E+01 0.2810E+00 0.2945E+00 0.3084E+00
 0.7580E+01 0.2810E+00 0.2945E+00 0.3085E+00
 0.7600E+01 0.2809E+00 0.2945E+00 0.3085E+00
 0.7620E+01 0.2809E+00 0.2945E+00 0.3085E+00
 0.7640E+01 0.2808E+00 0.2945E+00 0.3086E+00
 0.7660E+01 0.2808E+00 0.2945E+00 0.3086E+00
 0.7680E+01 0.2807E+00 0.2945E+00 0.3086E+00
 0.7700E+01 0.2807E+00 0.2945E+00 0.3087E+00
 0.7720E+01 0.2807E+00 0.2945E+00 0.3087E+00
 0.7740E+01 0.2806E+00 0.2945E+00 0.3087E+00
 0.7760E+01 0.2806E+00 0.2945E+00 0.3088E+00
 0.7780E+01 0.2805E+00 0.2945E+00 0.3088E+00
 0.7800E+01 0.2805E+00 0.2945E+00 0.3088E+00
 0.7820E+01 0.2805E+00 0.2945E+00 0.3089E+00
 0.7840E+01 0.2804E+00 0.2944E+00 0.3089E+00
 0.7860E+01 0.2804E+00 0.2944E+00 0.3089E+00
 0.7880E+01 0.2803E+00 0.2944E+00 0.3089E+00
 0.7900E+01 0.2803E+00 0.2944E+00 0.3090E+00
 0.7920E+01 0.2803E+00 0.2944E+00 0.3090E+00
 0.7940E+01 0.2802E+00 0.2944E+00 0.3090E+00
 0.7960E+01 0.2802E+00 0.2944E+00 0.3091E+00
 0.7980E+01 0.2802E+00 0.2944E+00 0.3091E+00
 0.8000E+01 0.2801E+00 0.2944E+00 0.3091E+00
 0.8020E+01 0.2801E+00 0.2944E+00 0.3092E+00
 0.8040E+01 0.2800E+00 0.2944E+00 0.3092E+00
 0.8060E+01 0.2800E+00 0.2944E+00 0.3093E+00
 0.8080E+01 0.2800E+00 0.2944E+00 0.3093E+00
 0.8100E+01 0.2799E+00 0.2944E+00 0.3093E+00
 0.8120E+01 0.2799E+00 0.2944E+00 0.3094E+00
 0.8140E+01 0.2799E+00 0.2944E+00 0.3094E+00
 0.8160E+01 0.2798E+00 0.2944E+00 0.3094E+00
 0.8180E+01 0.2798E+00 0.2944E+00 0.3095E+00
 0.8200E+01 0.2798E+00 0.2944E+00 0.3095E+00
 0.8220E+01 0.2797E+00 0.2944E+00 0.3096E+00
 0.8240E+01 0.2797E+00 0.2944E+00 0.3096E+00
 0.8260E+01 0.2797E+00 0.2944E+00 0.3096E+00
 0.8280E+01 0.2796E+00 0.2945E+00 0.3097E+00
 0.8300E+01 0.2796E+00 0.2945E+00 0.3097E+00
 0.8320E+01 0.2796E+00 0.2945E+00 0.3098E+00
 0.8340E+01 0.2795E+00 0.2945E+00 0.3098E+00
 0.8360E+01 0.2795E+00 0.2945E+00 0.3099E+00
 0.8380E+01 0.2795E+00 0.2945E+00 0.3099E+00
 0.8400E+01 0.2794E+00 0.2945E+00 0.3100E+00
 0.8420E+01 0.2794E+00 0.2945E+00 0.3100E+00
 0.8440E+01 0.2794E+00 0.2945E+00 0.3101E+00
 0.8460E+01 0.2793E+00 0.2945E+00 0.3101E+00
 0.8480E+01 0.2793E+00 0.2945E+00 0.3102E+00
 0.8500E+01 0.2793E+00 0.2946E+00 0.3102E+00
 0.8520E+01 0.2792E+00 0.2946E+00 0.3103E+00
 0.8540E+01 0.2792E+00 0.2946E+00 0.3104E+00
 0.8560E+01 0.2792E+00 0.2946E+00 0.3104E+00
 0.8580E+01 0.2792E+00 0.2946E+00 0.3105E+00
 0.8600E+01 0.2791E+00 0.2946E+00 0.3105E+00
 0.8620E+01 0.2791E+00 0.2946E+00 0.3106E+00
 0.8640E+01 0.2791E+00 0.2947E+00 0.3107E+00
 0.8660E+01 0.2790E+00 0.2947E+00 0.3107E+00
 0.8680E+01 0.2790E+00 0.2947E+00 0.3108E+00
 0.8700E+01 0.2790E+00 0.2947E+00 0.3109E+00
 0.8720E+01 0.2790E+00 0.2947E+00 0.3109E+00
 0.8740E+01 0.2789E+00 0.2948E+00 0.3110E+00
 0.8760E+01 0.2789E+00 0.2948E+00 0.3111E+00
 0.8780E+01 0.2789E+00 0.2948E+00 0.3111E+00
 0.8800E+01 0.2788E+00 0.2948E+00 0.3112E+00
 0.8820E+01 0.2788E+00 0.2948E+00 0.3113E+00
 0.8840E+01 0.2788E+00 0.2949E+00 0.3114E+00
 0.8860E+01 0.2788E+00 0.2949E+00 0.3114E+00
 0.8880E+01 0.2787E+00 0.2949E+00 0.3115E+00
 0.8900E+01 0.2787E+00 0.2949E+00 0.3116E+00
 0.8920E+01 0.2787E+00 0.2950E+00 0.3116E+00
 0.8940E+01 0.2787E+00 0.2950E+00 0.3117E+00
 0.8960E+01 0.2786E+00 0.2950E+00 0.3118E+00
 0.8980E+01 0.2786E+00 0.2950E+00 0.3119E+00
 0.9000E+01 0.2786E+00 0.2951E+00 0.3120E+00
 0.9020E+01 0.2786E+00 0.2951E+00 0.3120E+00
 0.9040E+01 0.2785E+00 0.2951E+00 0.3121E+00
 0.9060E+01 0.2785E+00 0.2951E+00 0.3122E+00
 0.9080E+01 0.2785E+00 0.2952E+00 0.3123E+00
 0.9100E+01 0.2785E+00 0.2952E+00 0.3123E+00
 0.9120E+01 0.2784E+00 0.2952E+00 0.3124E+00
 0.9140E+01 0.2784E+00 0.2952E+00 0.3125E+00
 0.9160E+01 0.2784E+00 0.2953E+00 0.3126E+00
 0.9180E+01 0.2784E+00 0.2953E+00 0.3127E+00
 0.9200E+01 0.2783E+00 0.2953E+00 0.3127E+00
 0.9220E+01 0.2783E+00 0.2954E+00 0.3128E+00
 0.9240E+01 0.2783E+00 0.2954E+00 0.3129E+00
 0.9260E+01 0.2783E+00 0.2954E+00 0.3130E+00
 0.9280E+01 0.2782E+00 0.2954E+00 0.3130E+00
 0.9300E+01 0.2782E+00 0.2955E+00 0.3131E+00
 0.9320E+01 0.2782E+00 0.2955E+00 0.3132E+00
 0.9340E+01 0.2782E+00 0.2955E+00 0.3133E+00
 0.9360E+01 0.2781E+00 0.2955E+00 0.3133E+00
 0.9380E+01 0.2781E+00 0.2956E+00 0.3134E+00
 0.9400E+01 0.2781E+00 0.2956E+00 0.3135E+00
 0.9420E+01 0.2781E+00 0.2956E+00 0.3136E+00
 0.9440E+01 0.2781E+00 0.2956E+00 0.3136E+00
 0.9460E+01 0.2780E+00 0.2957E+00 0.3137E+00
 0.9480E+01 0.2780E+00 0.2957E+00 0.3138E+00
 0.9500E+01 0.2780E+00 0.2957E+00 0.3138E+00
 0.9520E+01 0.2780E+00 0.2957E+00 0.3139E+00
 0.9540E+01 0.2780E+00 0.2958E+00 0.3140E+00
 0.9560E+01 0.2779E+00 0.2958E+00 0.3141E+00
 0.9580E+01 0.2779E+00 0.2958E+00 0.3141E+00
 0.9600E+01 0.2779E+00 0.2958E+00 0.3142E+00
 0.9620E+01 0.2779E+00 0.2959E+00 0.3143E+00
 0.9640E+01 0.2778E+00 0.2959E+00 0.3143E+00
 0.9660E+01 0.2778E+00 0.2959E+00 0.3144E+00
 0.9680E+01 0.2778E+00 0.2959E+00 0.3145E+00
 0.9700E+01 0.2778E+00 0.2960E+00 0.3145E+00
 0.9720E+01 0.2778E+00 0.2960E+00 0.3146E+00
 0.9740E+01 0.2777E+00 0.2960E+00 0.3147E+00
 0.9760E+01 0.2777E+00 0.2960E+00 0.3147E+00
 0.9780E+01 0.2777E+00 0.2960E+00 0.3148E+00
 0.9800E+01 0.2777E+00 0.2961E+00 0.3149E+00
 0.9820E+01 0.2777E+00 0.2961E+00 0.3149E+00
 0.9840E+01 0.2777E+00 0.2961E+00 0.3150E+00
 0.9860E+01 0.2776E+00 0.2961E+00 0.3151E+00
 0.9880E+01 0.2776E+00 0.2962E+00 0.3151E+00
 0.9900E+01 0.2776E+00 0.2962E+00 0.3152E+00
 0.9920E+01 0.2776E+00 0.2962E+00 0.3152E+00
 0.9940E+01 0.2776E+00 0.2962E+00 0.3153E+00
 0.9960E+01 0.2775E+00 0.2962E+00 0.3154E+00
 0.9980E+01 0.2775E+00 0.2963E+00 0.3154E+00
 0.1000E+02 0.2775E+00 0.2963E+00 0.3155E+00
 0.1002E+02 0.2775E+00 0.2963E+00 0.3155E+00
 0.1004E+02 0.2775E+00 0.2963E+00 0.3156E+00
 0.1006E+02 0.2774E+00 0.2963E+00 0.3157E+00
 0.1008E+02 0.2774E+00 0.2964E+00 0.3157E+00
 0.1010E+02 0.2774E+00 0.2964E+00 0.3158E+00
 0.1012E+02 0.2774E+00 0.2964E+00 0.3158E+00
 0.1014E+02 0.2774E+00 0.2964E+00 0.3159E+00
 0.1016E+02 0.2774E+00 0.2964E+00 0.3159E+00
 0.1018E+02 0.2773E+00 0.2965E+00 0.3160E+00
 0.1020E+02 0.2773E+00 0.2965E+00 0.3160E+00
 0.1022E+02 0.2773E+00 0.2965E+00 0.3161E+00
 0.1024E+02 0.2773E+00 0.2965E+00 0.3161E+00
 0.1026E+02 0.2773E+00 0.2965E+00 0.3162E+00
 0.1028E+02 0.2773E+00 0.2965E+00 0.3162E+00
 0.1030E+02 0.2772E+00 0.2966E+00 0.3163E+00
 0.1032E+02 0.2772E+00 0.2966E+00 0.3163E+00
 0.1034E+02 0.2772E+00 0.2966E+00 0.3164E+00
 0.1036E+02 0.2772E+00 0.2966E+00 0.3164E+00
 0.1038E+02 0.2772E+00 0.2966E+00 0.3165E+00
 0.1040E+02 0.2772E+00 0.2966E+00 0.3165E+00
 0.1042E+02 0.2771E+00 0.2967E+00 0.3166E+00
 0.1044E+02 0.2771E+00 0.2967E+00 0.3166E+00
 0.1046E+02 0.2771E+00 0.2967E+00 0.3167E+00
 0.1048E+02 0.2771E+00 0.2967E+00 0.3167E+00
 0.1050E+02 0.2771E+00 0.2967E+00 0.3168E+00
 0.1052E+02 0.2771E+00 0.2967E+00 0.3168E+00
 0.1054E+02 0.2770E+00 0.2967E+00 0.3168E+00
 0.1056E+02 0.2770E+00 0.2968E+00 0.3169E+00
 0.1058E+02 0.2770E+00 0.2968E+00 0.3169E+00
 0.1060E+02 0.2770E+00 0.2968E+00 0.3170E+00
 0.1062E+02 0.2770E+00 0.2968E+00 0.3170E+00
 0.1064E+02 0.2770E+00 0.2968E+00 0.3170E+00
 0.1066E+02 0.2770E+00 0.2968E+00 0.3171E+00
 0.1068E+02 0.2769E+00 0.2968E+00 0.3171E+00
 0.1070E+02 0.2769E+00 0.2968E+00 0.3171E+00
 0.1072E+02 0.2769E+00 0.2968E+00 0.3172E+00
 0.1074E+02 0.2769E+00 0.2968E+00 0.3172E+00
 0.1076E+02 0.2769E+00 0.2969E+00 0.3172E+00
 0.1078E+02 0.2769E+00 0.2969E+00 0.3173E+00
 0.1080E+02 0.2769E+00 0.2969E+00 0.3173E+00
 0.1082E+02 0.2768E+00 0.2969E+00 0.3173E+00
 0.1084E+02 0.2768E+00 0.2969E+00 0.3174E+00
 0.1086E+02 0.2768E+00 0.2969E+00 0.3174E+00
 0.1088E+02 0.2768E+00 0.2969E+00 0.3174E+00
 0.1090E+02 0.2768E+00 0.2969E+00 0.3174E+00
 0.1092E+02 0.2768E+00 0.2969E+00 0.3175E+00
 0.1094E+02 0.2768E+00 0.2969E+00 0.3175E+00
 0.1096E+02 0.2767E+00 0.2969E+00 0.3175E+00
 0.1098E+02 0.2767E+00 0.2969E+00 0.3175E+00
 0.1100E+02 0.2767E+00 0.2969E+00 0.3176E+00
 0.1102E+02 0.2767E+00 0.2969E+00 0.3176E+00
 0.1104E+02 0.2767E+00 0.2969E+00 0.3176E+00
 0.1106E+02 0.2767E+00 0.2970E+00 0.3176E+00
 0.1108E+02 0.2767E+00 0.2970E+00 0.3177E+00
 0.1110E+02 0.2767E+00 0.2970E+00 0.3177E+00
 0.1112E+02 0.2766E+00 0.2970E+00 0.3177E+00
 0.1114E+02 0.2766E+00 0.2970E+00 0.3178E+00
 0.1116E+02 0.2766E+00 0.2970E+00 0.3178E+00
 0.1118E+02 0.2766E+00 0.2970E+00 0.3178E+00
 0.1120E+02 0.2766E+00 0.2970E+00 0.3179E+00
 0.1122E+02 0.2766E+00 0.2970E+00 0.3179E+00
 0.1124E+02 0.2766E+00 0.2970E+00 0.3179E+00
 0.1126E+02 0.2765E+00 0.2970E+00 0.3180E+00
 0.1128E+02 0.2765E+00 0.2971E+00 0.3180E+00
 0.1130E+02 0.2765E+00 0.2971E+00 0.3180E+00
 0.1132E+02 0.2765E+00 0.2971E+00 0.3181E+00
 0.1134E+02 0.2765E+00 0.2971E+00 0.3181E+00
 0.1136E+02 0.2765E+00 0.2971E+00 0.3182E+00
 0.1138E+02 0.2765E+00 0.2971E+00 0.3182E+00
 0.1140E+02 0.2765E+00 0.2972E+00 0.3183E+00
 0.1142E+02 0.2765E+00 0.2972E+00 0.3183E+00
 0.1144E+02 0.2764E+00 0.2972E+00 0.3184E+00
 0.1146E+02 0.2764E+00 0.2972E+00 0.3184E+00
 0.1148E+02 0.2764E+00 0.2973E+00 0.3185E+00
 0.1150E+02 0.2764E+00 0.2973E+00 0.3186E+00
 0.1152E+02 0.2764E+00 0.2973E+00 0.3186E+00
 0.1154E+02 0.2764E+00 0.2973E+00 0.3187E+00
 0.1156E+02 0.2764E+00 0.2974E+00 0.3188E+00
 0.1158E+02 0.2764E+00 0.2974E+00 0.3189E+00
 0.1160E+02 0.2763E+00 0.2974E+00 0.3190E+00
 0.1162E+02 0.2763E+00 0.2975E+00 0.3190E+00
 0.1164E+02 0.2763E+00 0.2975E+00 0.3191E+00
 0.1166E+02 0.2763E+00 0.2976E+00 0.3192E+00
 0.1168E+02 0.2763E+00 0.2976E+00 0.3193E+00
 0.1170E+02 0.2763E+00 0.2976E+00 0.3194E+00
 0.1172E+02 0.2763E+00 0.2977E+00 0.3195E+00
 0.1174E+02 0.2763E+00 0.2977E+00 0.3196E+00
 0.1176E+02 0.2763E+00 0.2978E+00 0.3197E+00
 0.1178E+02 0.2762E+00 0.2978E+00 0.3199E+00
 0.1180E+02 0.2762E+00 0.2979E+00 0.3200E+00
 0.1182E+02 0.2762E+00 0.2980E+00 0.3201E+00
 0.1184E+02 0.2762E+00 0.2980E+00 0.3202E+00
 0.1186E+02 0.2762E+00 0.2981E+00 0.3203E+00
 0.1188E+02 0.2762E+00 0.2981E+00 0.3205E+00
 0.1190E+02 0.2762E+00 0.2982E+00 0.3206E+00
 0.1192E+02 0.2762E+00 0.2982E+00 0.3207E+00
 0.1194E+02 0.2762E+00 0.2983E+00 0.3209E+00
 0.1196E+02 0.2762E+00 0.2984E+00 0.3210E+00
 0.1198E+02 0.2761E+00 0.2984E+00 0.3211E+00
 0.1200E+02 0.2761E+00 0.2985E+00 0.3213E+00
 0.1202E+02 0.2761E+00 0.2986E+00 0.3214E+00
 0.1204E+02 0.2761E+00 0.2986E+00 0.3216E+00
 0.1206E+02 0.2761E+00 0.2987E+00 0.3217E+00
 0.1208E+02 0.2761E+00 0.2988E+00 0.3218E+00
 0.1210E+02 0.2761E+00 0.2988E+00 0.3220E+00
 0.1212E+02 0.2761E+00 0.2989E+00 0.3221E+00
 0.1214E+02 0.2761E+00 0.2990E+00 0.3223E+00
 0.1216E+02 0.2761E+00 0.2990E+00 0.3224E+00
 0.1218E+02 0.2760E+00 0.2991E+00 0.3226E+00
 0.1220E+02 0.2760E+00 0.2992E+00 0.3227E+00
 0.1222E+02 0.2760E+00 0.2992E+00 0.3229E+00
 0.1224E+02 0.2760E+00 0.2993E+00 0.3230E+00
 0.1226E+02 0.2760E+00 0.2994E+00 0.3232E+00
 0.1228E+02 0.2760E+00 0.2994E+00 0.3233E+00
 0.1230E+02 0.2760E+00 0.2995E+00 0.3234E+00
 0.1232E+02 0.2760E+00 0.2996E+00 0.3236E+00
 0.1234E+02 0.2760E+00 0.2996E+00 0.3237E+00
 0.1236E+02 0.2760E+00 0.2997E+00 0.3239E+00
 0.1238E+02 0.2759E+00 0.2998E+00 0.3240E+00
 0.1240E+02 0.2759E+00 0.2998E+00 0.3241E+00
 0.1242E+02 0.2759E+00 0.2999E+00 0.3243E+00
 0.1244E+02 0.2759E+00 0.2999E+00 0.3244E+00
 0.1246E+02 0.2759E+00 0.3000E+00 0.3245E+00
 0.1248E+02 0.2759E+00 0.3001E+00 0.3246E+00
 0.1250E+02 0.2759E+00 0.3001E+00 0.3248E+00
 0.1252E+02 0.2759E+00 0.3002E+00 0.3249E+00
 0.1254E+02 0.2759E+00 0.3002E+00 0.3250E+00
 0.1256E+02 0.2759E+00 0.3003E+00 0.3251E+00
 0.1258E+02 0.2759E+00 0.3003E+00 0.3252E+00
 0.1260E+02 0.2758E+00 0.3004E+00 0.3253E+00
 0.1262E+02 0.2758E+00 0.3004E+00 0.3255E+00
 0.1264E+02 0.2758E+00 0.3005E+00 0.3256E+00
 0.1266E+02 0.2758E+00 0.3005E+00 0.3257E+00
 0.1268E+02 0.2758E+00 0.3006E+00 0.3258E+00
 0.1270E+02 0.2758E+00 0.3006E+00 0.3258E+00
 0.1272E+02 0.2758E+00 0.3007E+00 0.3259E+00
 0.1274E+02 0.2758E+00 0.3007E+00 0.3260E+00
 0.1276E+02 0.2758E+00 0.3007E+00 0.3261E+00
 0.1278E+02 0.2758E+00 0.3008E+00 0.3262E+00
 0.1280E+02 0.2758E+00 0.3008E+00 0.3263E+00
 0.1282E+02 0.2758E+00 0.3008E+00 0.3263E+00
 0.1284E+02 0.2757E+00 0.3009E+00 0.3264E+00
 0.1286E+02 0.2757E+00 0.3009E+00 0.3265E+00
 0.1288E+02 0.2757E+00 0.3009E+00 0.3266E+00
 0.1290E+02 0.2757E+00 0.3010E+00 0.3266E+00
 0.1292E+02 0.2757E+00 0.3010E+00 0.3267E+00
 0.1294E+02 0.2757E+00 0.3010E+00 0.3268E+00
 0.1296E+02 0.2757E+00 0.3010E+00 0.3268E+00
 0.1298E+02 0.2757E+00 0.3011E+00 0.3269E+00
 0.1300E+02 0.2757E+00 0.3011E+00 0.3269E+00
 0.1302E+02 0.2757E+00 0.3011E+00 0.3270E+00
 0.1304E+02 0.2757E+00 0.3011E+00 0.3270E+00
 0.1306E+02 0.2757E+00 0.3012E+00 0.3271E+00
 0.1308E+02 0.2756E+00 0.3012E+00 0.3271E+00
 0.1310E+02 0.2756E+00 0.3012E+00 0.3272E+00
 0.1312E+02 0.2756E+00 0.3012E+00 0.3272E+00
 0.1314E+02 0.2756E+00 0.3012E+00 0.3273E+00
 0.1316E+02 0.2756E+00 0.3013E+00 0.3273E+00
 0.1318E+02 0.2756E+00 0.3013E+00 0.3274E+00
 0.1320E+02 0.2756E+00 0.3013E+00 0.3274E+00
 0.1322E+02 0.2756E+00 0.3013E+00 0.3275E+00
 0.1324E+02 0.2756E+00 0.3013E+00 0.3275E+00
 0.1326E+02 0.2756E+00 0.3013E+00 0.3275E+00
 0.1328E+02 0.2756E+00 0.3014E+00 0.3276E+00
 0.1330E+02 0.2756E+00 0.3014E+00 0.3276E+00
 0.1332E+02 0.2756E+00 0.3014E+00 0.3276E+00
 0.1334E+02 0.2756E+00 0.3014E+00 0.3277E+00
 0.1336E+02 0.2755E+00 0.3014E+00 0.3277E+00
 0.1338E+02 0.2755E+00 0.3014E+00 0.3278E+00
 0.1340E+02 0.2755E+00 0.3015E+00 0.3278E+00
 0.1342E+02 0.2755E+00 0.3015E+00 0.3278E+00
 0.1344E+02 0.2755E+00 0.3015E+00 0.3279E+00
 0.1346E+02 0.2755E+00 0.3015E+00 0.3279E+00
 0.1348E+02 0.2755E+00 0.3015E+00 0.3279E+00
 0.1350E+02 0.2755E+00 0.3015E+00 0.3280E+00
 0.1352E+02 0.2755E+00 0.3015E+00 0.3280E+00
 0.1354E+02 0.2755E+00 0.3015E+00 0.3280E+00
 0.1356E+02 0.2755E+00 0.3016E+00 0.3281E+00
 0.1358E+02 0.2755E+00 0.3016E+00 0.3281E+00
 0.1360E+02 0.2755E+00 0.3016E+00 0.3281E+00
 0.1362E+02 0.2755E+00 0.3016E+00 0.3282E+00
 0.1364E+02 0.2754E+00 0.3016E+00 0.3282E+00
 0.1366E+02 0.2754E+00 0.3016E+00 0.3283E+00
 0.1368E+02 0.2754E+00 0.3016E+00 0.3283E+00
 0.1370E+02 0.2754E+00 0.3017E+00 0.3283E+00
 0.1372E+02 0.2754E+00 0.3017E+00 0.3284E+00
 0.1374E+02 0.2754E+00 0.3017E+00 0.3284E+00
 0.1376E+02 0.2754E+00 0.3017E+00 0.3284E+00
 0.1378E+02 0.2754E+00 0.3017E+00 0.3285E+00
 0.1380E+02 0.2754E+00 0.3017E+00 0.3285E+00
 0.1382E+02 0.2754E+00 0.3018E+00 0.3286E+00
 0.1384E+02 0.2754E+00 0.3018E+00 0.3286E+00
 0.1386E+02 0.2754E+00 0.3018E+00 0.3286E+00
 0.1388E+02 0.2754E+00 0.3018E+00 0.3287E+00
 0.1390E+02 0.2754E+00 0.3018E+00 0.3287E+00
 0.1392E+02 0.2754E+00 0.3018E+00 0.3287E+00
 0.1394E+02 0.2753E+00 0.3019E+00 0.3288E+00
 0.1396E+02 0.2753E+00 0.3019E+00 0.3288E+00
 0.1398E+02 0.2753E+00 0.3019E+00 0.3289E+00
 0.1400E+02 0.2753E+00 0.3019E+00 0.3289E+00
 0.1402E+02 0.2753E+00 0.3019E+00 0.3289E+00
 0.1404E+02 0.2753E+00 0.3019E+00 0.3290E+00
 0.1406E+02 0.2753E+00 0.3019E+00 0.3290E+00
 0.1408E+02 0.2753E+00 0.3020E+00 0.3290E+00
 0.1410E+02 0.2753E+00 0.3020E+00 0.3291E+00
 0.1412E+02 0.2753E+00 0.3020E+00 0.3291E+00
 0.1414E+02 0.2753E+00 0.3020E+00 0.3291E+00
 0.1416E+02 0.2753E+00 0.3020E+00 0.3292E+00
 0.1418E+02 0.2753E+00 0.3020E+00 0.3292E+00
 0.1420E+02 0.2753E+00 0.3020E+00 0.3292E+00
 0.1422E+02 0.2753E+00 0.3021E+00 0.3293E+00
 0.1424E+02 0.2753E+00 0.3021E+00 0.3293E+00
 0.1426E+02 0.2752E+00 0.3021E+00 0.3293E+00
 0.1428E+02 0.2752E+00 0.3021E+00 0.3294E+00
 0.1430E+02 0.2752E+00 0.3021E+00 0.3294E+00
 0.1432E+02 0.2752E+00 0.3021E+00 0.3294E+00
 0.1434E+02 0.2752E+00 0.3021E+00 0.3294E+00
 0.1436E+02 0.2752E+00 0.3021E+00 0.3295E+00
 0.1438E+02 0.2752E+00 0.3021E+00 0.3295E+00
 0.1440E+02 0.2752E+00 0.3021E+00 0.3295E+00
 0.1442E+02 0.2752E+00 0.3022E+00 0.3295E+00
 0.1444E+02 0.2752E+00 0.3022E+00 0.3295E+00
 0.1446E+02 0.2752E+00 0.3022E+00 0.3296E+00
 0.1448E+02 0.2752E+00 0.3022E+00 0.3296E+00
 0.1450E+02 0.2752E+00 0.3022E+00 0.3296E+00
 0.1452E+02 0.2752E+00 0.3022E+00 0.3296E+00
 0.1454E+02 0.2752E+00 0.3022E+00 0.3296E+00
 0.1456E+02 0.2752E+00 0.3022E+00 0.3296E+00
 0.1458E+02 0.2752E+00 0.3022E+00 0.3296E+00
 0.1460E+02 0.2752E+00 0.3022E+00 0.3297E+00
 0.1462E+02 0.2751E+00 0.3022E+00 0.3297E+00
 0.1464E+02 0.2751E+00 0.3022E+00 0.3297E+00
 0.1466E+02 0.2751E+00 0.3022E+00 0.3297E+00
 0.1468E+02 0.2751E+00 0.3022E+00 0.3297E+00
 0.1470E+02 0.2751E+00 0.3022E+00 0.3297E+00
 0.1472E+02 0.2751E+00 0.3022E+00 0.3297E+00
 0.1474E+02 0.2751E+00 0.3022E+00 0.3297E+00
 0.1476E+02 0.2751E+00 0.3022E+00 0.3297E+00
 0.1478E+02 0.2751E+00 0.3022E+00 0.3297E+00
 0.1480E+02 0.2751E+00 0.3022E+00 0.3297E+00
 0.1482E+02 0.2751E+00 0.3022E+00 0.3296E+00
 0.1484E+02 0.2751E+00 0.3022E+00 0.3296E+00
 0.1486E+02 0.2751E+00 0.3021E+00 0.3296E+00
 0.1488E+02 0.2751E+00 0.3021E+00 0.3296E+00
 0.1490E+02 0.2751E+00 0.3021E+00 0.3296E+00
 0.1492E+02 0.2751E+00 0.3021E+00 0.3296E+00
 0.1494E+02 0.2751E+00 0.3021E+00 0.3296E+00
 0.1496E+02 0.2751E+00 0.3021E+00 0.3296E+00
 0.1498E+02 0.2751E+00 0.3021E+00 0.3296E+00
 0.1500E+02 0.2750E+00 0.3021E+00 0.3296E+00
 0.1502E+02 0.2750E+00 0.3021E+00 0.3296E+00
 0.1504E+02 0.2750E+00 0.3021E+00 0.3296E+00
 0.1506E+02 0.2750E+00 0.3021E+00 0.3296E+00
 0.1508E+02 0.2750E+00 0.3021E+00 0.3295E+00
 0.1510E+02 0.2750E+00 0.3021E+00 0.3295E+00
 0.1512E+02 0.2750E+00 0.3021E+00 0.3295E+00
 0.1514E+02 0.2750E+00 0.3021E+00 0.3295E+00
 0.1516E+02 0.2750E+00 0.3021E+00 0.3295E+00
 0.1518E+02 0.2750E+00 0.3021E+00 0.3295E+00
 0.1520E+02 0.2750E+00 0.3021E+00 0.3295E+00
 0.1522E+02 0.2750E+00 0.3021E+00 0.3295E+00
 0.1524E+02 0.2750E+00 0.3021E+00 0.3295E+00
 0.1526E+02 0.2750E+00 0.3021E+00 0.3296E+00
 0.1528E+02 0.2750E+00 0.3021E+00 0.3296E+00
 0.1530E+02 0.2750E+00 0.3021E+00 0.3296E+00
 0.1532E+02 0.2750E+00 0.3021E+00 0.3296E+00
 0.1534E+02 0.2750E+00 0.3021E+00 0.3296E+00
 0.1536E+02 0.2750E+00 0.3021E+00 0.3296E+00
 0.1538E+02 0.2750E+00 0.3021E+00 0.3297E+00
 0.1540E+02 0.2749E+00 0.3021E+00 0.3297E+00
 0.1542E+02 0.2749E+00 0.3021E+00 0.3297E+00
 0.1544E+02 0.2749E+00 0.3021E+00 0.3298E+00
 0.1546E+02 0.2749E+00 0.3021E+00 0.3298E+00
 0.1548E+02 0.2749E+00 0.3022E+00 0.3298E+00
 0.1550E+02 0.2749E+00 0.3022E+00 0.3299E+00
 0.1552E+02 0.2749E+00 0.3022E+00 0.3299E+00
 0.1554E+02 0.2749E+00 0.3022E+00 0.3300E+00
 0.1556E+02 0.2749E+00 0.3023E+00 0.3300E+00
 0.1558E+02 0.2749E+00 0.3023E+00 0.3301E+00
 0.1560E+02 0.2749E+00 0.3023E+00 0.3302E+00
 0.1562E+02 0.2749E+00 0.3023E+00 0.3302E+00
 0.1564E+02 0.2749E+00 0.3024E+00 0.3303E+00
 0.1566E+02 0.2749E+00 0.3024E+00 0.3304E+00
 0.1568E+02 0.2749E+00 0.3025E+00 0.3305E+00
 0.1570E+02 0.2749E+00 0.3025E+00 0.3305E+00
 0.1572E+02 0.2749E+00 0.3025E+00 0.3306E+00
 0.1574E+02 0.2749E+00 0.3026E+00 0.3307E+00
 0.1576E+02 0.2749E+00 0.3026E+00 0.3308E+00
 0.1578E+02 0.2749E+00 0.3027E+00 0.3310E+00
 0.1580E+02 0.2749E+00 0.3028E+00 0.3311E+00
 0.1582E+02 0.2749E+00 0.3028E+00 0.3312E+00
 0.1584E+02 0.2749E+00 0.3029E+00 0.3313E+00
 0.1586E+02 0.2748E+00 0.3029E+00 0.3315E+00
 0.1588E+02 0.2748E+00 0.3030E+00 0.3316E+00
 0.1590E+02 0.2748E+00 0.3031E+00 0.3317E+00
 0.1592E+02 0.2748E+00 0.3032E+00 0.3319E+00
 0.1594E+02 0.2748E+00 0.3032E+00 0.3321E+00
 0.1596E+02 0.2748E+00 0.3033E+00 0.3322E+00
 0.1598E+02 0.2748E+00 0.3034E+00 0.3324E+00
 0.1600E+02 0.2748E+00 0.3035E+00 0.3326E+00
 0.1602E+02 0.2748E+00 0.3036E+00 0.3327E+00
 0.1604E+02 0.2748E+00 0.3037E+00 0.3329E+00
 0.1606E+02 0.2748E+00 0.3037E+00 0.3331E+00
 0.1608E+02 0.2748E+00 0.3038E+00 0.3333E+00
 0.1610E+02 0.2748E+00 0.3039E+00 0.3335E+00
 0.1612E+02 0.2748E+00 0.3040E+00 0.3337E+00
 0.1614E+02 0.2748E+00 0.3041E+00 0.3339E+00
 0.1616E+02 0.2748E+00 0.3042E+00 0.3341E+00
 0.1618E+02 0.2748E+00 0.3043E+00 0.3343E+00
 0.1620E+02 0.2748E+00 0.3044E+00 0.3345E+00
 0.1622E+02 0.2748E+00 0.3045E+00 0.3347E+00
 0.1624E+02 0.2748E+00 0.3046E+00 0.3350E+00
 0.1626E+02 0.2748E+00 0.3048E+00 0.3352E+00
 0.1628E+02 0.2748E+00 0.3049E+00 0.3354E+00
 0.1630E+02 0.2748E+00 0.3050E+00 0.3356E+00
 0.1632E+02 0.2748E+00 0.3051E+00 0.3358E+00
 0.1634E+02 0.2747E+00 0.3052E+00 0.3361E+00
 0.1636E+02 0.2747E+00 0.3053E+00 0.3363E+00
 0.1638E+02 0.2747E+00 0.3054E+00 0.3365E+00
 0.1640E+02 0.2747E+00 0.3055E+00 0.3368E+00
 0.1642E+02 0.2747E+00 0.3057E+00 0.3370E+00
 0.1644E+02 0.2747E+00 0.3058E+00 0.3372E+00
 0.1646E+02 0.2747E+00 0.3059E+00 0.3375E+00
 0.1648E+02 0.2747E+00 0.3060E+00 0.3377E+00
 0.1650E+02 0.2747E+00 0.3061E+00 0.3379E+00
 0.1652E+02 0.2747E+00 0.3062E+00 0.3382E+00
 0.1654E+02 0.2747E+00 0.3063E+00 0.3384E+00
 0.1656E+02 0.2747E+00 0.3065E+00 0.3386E+00
 0.1658E+02 0.2747E+00 0.3066E+00 0.3389E+00
 0.1660E+02 0.2747E+00 0.3067E+00 0.3391E+00
 0.1662E+02 0.2747E+00 0.3068E+00 0.3393E+00
 0.1664E+02 0.2747E+00 0.3069E+00 0.3396E+00
 0.1666E+02 0.2747E+00 0.3070E+00 0.3398E+00
 0.1668E+02 0.2747E+00 0.3071E+00 0.3400E+00
 0.1670E+02 0.2747E+00 0.3072E+00 0.3402E+00
 0.1672E+02 0.2747E+00 0.3074E+00 0.3405E+00
 0.1674E+02 0.2747E+00 0.3075E+00 0.3407E+00
 0.1676E+02 0.2747E+00 0.3076E+00 0.3409E+00
 0.1678E+02 0.2747E+00 0.3077E+00 0.3411E+00
 0.1680E+02 0.2747E+00 0.3078E+00 0.3413E+00
 0.1682E+02 0.2747E+00 0.3079E+00 0.3415E+00
 0.1684E+02 0.2747E+00 0.3080E+00 0.3417E+00
 0.1686E+02 0.2747E+00 0.3081E+00 0.3420E+00
 0.1688E+02 0.2747E+00 0.3082E+00 0.3422E+00
 0.1690E+02 0.2746E+00 0.3083E+00 0.3423E+00
 0.1692E+02 0.2746E+00 0.3084E+00 0.3425E+00
 0.1694E+02 0.2746E+00 0.3085E+00 0.3427E+00
 0.1696E+02 0.2746E+00 0.3086E+00 0.3429E+00
 0.1698E+02 0.2746E+00 0.3086E+00 0.3431E+00
 0.1700E+02 0.2746E+00 0.3087E+00 0.3433E+00
 0.1702E+02 0.2746E+00 0.3088E+00 0.3434E+00
 0.1704E+02 0.2746E+00 0.3089E+00 0.3436E+00
 0.1706E+02 0.2746E+00 0.3090E+00 0.3438E+00
 0.1708E+02 0.2746E+00 0.3091E+00 0.3439E+00
 0.1710E+02 0.2746E+00 0.3091E+00 0.3441E+00
 0.1712E+02 0.2746E+00 0.3092E+00 0.3442E+00
 0.1714E+02 0.2746E+00 0.3093E+00 0.3443E+00
 0.1716E+02 0.2746E+00 0.3093E+00 0.3445E+00
 0.1718E+02 0.2746E+00 0.3094E+00 0.3446E+00
 0.1720E+02 0.2746E+00 0.3094E+00 0.3447E+00
 0.1722E+02 0.2746E+00 0.3095E+00 0.3448E+00
 0.1724E+02 0.2746E+00 0.3096E+00 0.3450E+00
 0.1726E+02 0.2746E+00 0.3096E+00 0.3451E+00
 0.1728E+02 0.2746E+00 0.3097E+00 0.3452E+00
 0.1730E+02 0.2746E+00 0.3097E+00 0.3453E+00
 0.1732E+02 0.2746E+00 0.3097E+00 0.3453E+00
 0.1734E+02 0.2746E+00 0.3098E+00 0.3454E+00
 0.1736E+02 0.2746E+00 0.3098E+00 0.3455E+00
 0.1738E+02 0.2746E+00 0.3099E+00 0.3456E+00
 0.1740E+02 0.2746E+00 0.3099E+00 0.3457E+00
 0.1742E+02 0.2746E+00 0.3099E+00 0.3457E+00
 0.1744E+02 0.2746E+00 0.3100E+00 0.3458E+00
 0.1746E+02 0.2746E+00 0.3100E+00 0.3459E+00
 0.1748E+02 0.2746E+00 0.3100E+00 0.3459E+00
 0.1750E+02 0.2745E+00 0.3100E+00 0.3460E+00
 0.1752E+02 0.2745E+00 0.3101E+00 0.3460E+00
 0.1754E+02 0.2745E+00 0.3101E+00 0.3461E+00
 0.1756E+02 0.2745E+00 0.3101E+00 0.3461E+00
 0.1758E+02 0.2745E+00 0.3101E+00 0.3462E+00
 0.1760E+02 0.2745E+00 0.3101E+00 0.3462E+00
 0.1762E+02 0.2745E+00 0.3102E+00 0.3462E+00
 0.1764E+02 0.2745E+00 0.3102E+00 0.3463E+00
 0.1766E+02 0.2745E+00 0.3102E+00 0.3463E+00
 0.1768E+02 0.2745E+00 0.3102E+00 0.3463E+00
 0.1770E+02 0.2745E+00 0.3102E+00 0.3464E+00
 0.1772E+02 0.2745E+00 0.3102E+00 0.3464E+00
 0.1774E+02 0.2745E+00 0.3102E+00 0.3464E+00
 0.1776E+02 0.2745E+00 0.3103E+00 0.3464E+00
 0.1778E+02 0.2745E+00 0.3103E+00 0.3465E+00
 0.1780E+02 0.2745E+00 0.3103E+00 0.3465E+00
 0.1782E+02 0.2745E+00 0.3103E+00 0.3465E+00
 0.1784E+02 0.2745E+00 0.3103E+00 0.3465E+00
 0.1786E+02 0.2745E+00 0.3103E+00 0.3465E+00
 0.1788E+02 0.2745E+00 0.3103E+00 0.3465E+00
 0.1790E+02 0.2745E+00 0.3103E+00 0.3466E+00
 0.1792E+02 0.2745E+00 0.3103E+00 0.3466E+00
 0.1794E+02 0.2745E+00 0.3103E+00 0.3466E+00
 0.1796E+02 0.2745E+00 0.3103E+00 0.3466E+00
 0.1798E+02 0.2745E+00 0.3103E+00 0.3466E+00
 0.1800E+02 0.2745E+00 0.3103E+00 0.3466E+00
 0.1802E+02 0.2745E+00 0.3103E+00 0.3466E+00
 0.1804E+02 0.2745E+00 0.3103E+00 0.3467E+00
 0.1806E+02 0.2745E+00 0.3104E+00 0.3467E+00
 0.1808E+02 0.2745E+00 0.3104E+00 0.3467E+00
 0.1810E+02 0.2745E+00 0.3104E+00 0.3467E+00
 0.1812E+02 0.2745E+00 0.3104E+00 0.3467E+00
 0.1814E+02 0.2745E+00 0.3104E+00 0.3467E+00
 0.1816E+02 0.2745E+00 0.3104E+00 0.3468E+00
 0.1818E+02 0.2744E+00 0.3104E+00 0.3468E+00
 0.1820E+02 0.2744E+00 0.3104E+00 0.3468E+00
 0.1822E+02 0.2744E+00 0.3104E+00 0.3468E+00
 0.1824E+02 0.2744E+00 0.3104E+00 0.3469E+00
 0.1826E+02 0.2744E+00 0.3104E+00 0.3469E+00
 0.1828E+02 0.2744E+00 0.3105E+00 0.3469E+00
 0.1830E+02 0.2744E+00 0.3105E+00 0.3470E+00
 0.1832E+02 0.2744E+00 0.3105E+00 0.3470E+00
 0.1834E+02 0.2744E+00 0.3105E+00 0.3470E+00
 0.1836E+02 0.2744E+00 0.3105E+00 0.3471E+00
 0.1838E+02 0.2744E+00 0.3105E+00 0.3471E+00
 0.1840E+02 0.2744E+00 0.3106E+00 0.3472E+00
 0.1842E+02 0.2744E+00 0.3106E+00 0.3472E+00
 0.1844E+02 0.2744E+00 0.3106E+00 0.3473E+00
 0.1846E+02 0.2744E+00 0.3106E+00 0.3473E+00
 0.1848E+02 0.2744E+00 0.3107E+00 0.3474E+00
 0.1850E+02 0.2744E+00 0.3107E+00 0.3474E+00
 0.1852E+02 0.2744E+00 0.3107E+00 0.3475E+00
 0.1854E+02 0.2744E+00 0.3108E+00 0.3476E+00
 0.1856E+02 0.2744E+00 0.3108E+00 0.3476E+00
 0.1858E+02 0.2744E+00 0.3108E+00 0.3477E+00
 0.1860E+02 0.2744E+00 0.3109E+00 0.3478E+00
 0.1862E+02 0.2744E+00 0.3109E+00 0.3479E+00
 0.1864E+02 0.2744E+00 0.3110E+00 0.3480E+00
 0.1866E+02 0.2744E+00 0.3110E+00 0.3480E+00
 0.1868E+02 0.2744E+00 0.3110E+00 0.3481E+00
 0.1870E+02 0.2744E+00 0.3111E+00 0.3482E+00
 0.1872E+02 0.2744E+00 0.3111E+00 0.3483E+00
 0.1874E+02 0.2744E+00 0.3112E+00 0.3484E+00
 0.1876E+02 0.2744E+00 0.3112E+00 0.3485E+00
 0.1878E+02 0.2744E+00 0.3113E+00 0.3486E+00
 0.1880E+02 0.2744E+00 0.3113E+00 0.3487E+00
 0.1882E+02 0.2744E+00 0.3114E+00 0.3488E+00
 0.1884E+02 0.2744E+00 0.3114E+00 0.3489E+00
 0.1886E+02 0.2744E+00 0.3115E+00 0.3490E+00
 0.1888E+02 0.2744E+00 0.3115E+00 0.3492E+00
 0.1890E+02 0.2744E+00 0.3116E+00 0.3493E+00
 0.1892E+02 0.2744E+00 0.3117E+00 0.3494E+00
 0.1894E+02 0.2744E+00 0.3117E+00 0.3495E+00
 0.1896E+02 0.2743E+00 0.3118E+00 0.3496E+00
 0.1898E+02 0.2743E+00 0.3118E+00 0.3497E+00
 0.1900E+02 0.2743E+00 0.3119E+00 0.3499E+00
 0.1902E+02 0.2743E+00 0.3119E+00 0.3500E+00
 0.1904E+02 0.2743E+00 0.3120E+00 0.3501E+00
 0.1906E+02 0.2743E+00 0.3121E+00 0.3502E+00
 0.1908E+02 0.2743E+00 0.3121E+00 0.3504E+00
 0.1910E+02 0.2743E+00 0.3122E+00 0.3505E+00
 0.1912E+02 0.2743E+00 0.3123E+00 0.3506E+00
 0.1914E+02 0.2743E+00 0.3123E+00 0.3508E+00
 0.1916E+02 0.2743E+00 0.3124E+00 0.3509E+00
 0.1918E+02 0.2743E+00 0.3125E+00 0.3510E+00
 0.1920E+02 0.2743E+00 0.3125E+00 0.3512E+00
 0.1922E+02 0.2743E+00 0.3126E+00 0.3513E+00
 0.1924E+02 0.2743E+00 0.3126E+00 0.3514E+00
 0.1926E+02 0.2743E+00 0.3127E+00 0.3516E+00
 0.1928E+02 0.2743E+00 0.3128E+00 0.3517E+00
 0.1930E+02 0.2743E+00 0.3128E+00 0.3518E+00
 0.1932E+02 0.2743E+00 0.3129E+00 0.3520E+00
 0.1934E+02 0.2743E+00 0.3130E+00 0.3521E+00
 0.1936E+02 0.2743E+00 0.3130E+00 0.3522E+00
 0.1938E+02 0.2743E+00 0.3131E+00 0.3524E+00
 0.1940E+02 0.2743E+00 0.3132E+00 0.3525E+00
 0.1942E+02 0.2743E+00 0.3132E+00 0.3526E+00
 0.1944E+02 0.2743E+00 0.3133E+00 0.3528E+00
 0.1946E+02 0.2743E+00 0.3134E+00 0.3529E+00
 0.1948E+02 0.2743E+00 0.3134E+00 0.3530E+00
 0.1950E+02 0.2743E+00 0.3135E+00 0.3532E+00
 0.1952E+02 0.2743E+00 0.3136E+00 0.3533E+00
 0.1954E+02 0.2743E+00 0.3136E+00 0.3534E+00
 0.1956E+02 0.2743E+00 0.3137E+00 0.3535E+00
 0.1958E+02 0.2743E+00 0.3138E+00 0.3537E+00
 0.1960E+02 0.2743E+00 0.3138E+00 0.3538E+00
 0.1962E+02 0.2743E+00 0.3139E+00 0.3539E+00
 0.1964E+02 0.2743E+00 0.3139E+00 0.3540E+00
 0.1966E+02 0.2743E+00 0.3140E+00 0.3542E+00
 0.1968E+02 0.2743E+00 0.3141E+00 0.3543E+00
 0.1970E+02 0.2743E+00 0.3141E+00 0.3544E+00
 0.1972E+02 0.2743E+00 0.3142E+00 0.3545E+00
 0.1974E+02 0.2743E+00 0.3142E+00 0.3546E+00
 0.1976E+02 0.2743E+00 0.3143E+00 0.3548E+00
 0.1978E+02 0.2743E+00 0.3143E+00 0.3549E+00
 0.1980E+02 0.2743E+00 0.3144E+00 0.3550E+00
 0.1982E+02 0.2743E+00 0.3145E+00 0.3551E+00
 0.1984E+02 0.2742E+00 0.3145E+00 0.3552E+00
 0.1986E+02 0.2742E+00 0.3146E+00 0.3553E+00
 0.1988E+02 0.2742E+00 0.3146E+00 0.3554E+00
 0.1990E+02 0.2742E+00 0.3147E+00 0.3555E+00
 0.1992E+02 0.2742E+00 0.3147E+00 0.3556E+00
 0.1994E+02 0.2742E+00 0.3148E+00 0.3557E+00
 0.1996E+02 0.2742E+00 0.3148E+00 0.3558E+00
 0.1998E+02 0.2742E+00 0.3148E+00 0.3559E+00
 0.2000E+02 0.2742E+00 0.3149E+00 0.3560E+00

   sin2theta = 0.7943E+00  dm2 = 0.2712E-04


