         LOW survival probabilities

Figure 1 of hep-ph/0002293
by J. N. Bahcall, P. I. Krastev, and A. Yu. Smirnov.

The first column is the neutrino energy in MeV.
The second through fourth columns are the survival
probabilities for the daytime only, the average of
day plus night, and the night only, respectively.

     E         Day     Day + Night   Night
   (MeV)
 
 0.1000E+00 0.3521E+00 0.4088E+00 0.4661E+00
 0.1200E+00 0.3520E+00 0.4221E+00 0.4927E+00
 0.1400E+00 0.3519E+00 0.4411E+00 0.5309E+00
 0.1600E+00 0.3518E+00 0.4495E+00 0.5478E+00
 0.1800E+00 0.3518E+00 0.4553E+00 0.5595E+00
 0.2000E+00 0.3518E+00 0.4666E+00 0.5822E+00
 0.2200E+00 0.3518E+00 0.4815E+00 0.6120E+00
 0.2400E+00 0.3518E+00 0.4959E+00 0.6408E+00
 0.2600E+00 0.3517E+00 0.5076E+00 0.6642E+00
 0.2800E+00 0.3517E+00 0.5162E+00 0.6813E+00
 0.3000E+00 0.3517E+00 0.5218E+00 0.6926E+00
 0.3200E+00 0.3517E+00 0.5251E+00 0.6992E+00
 0.3400E+00 0.3517E+00 0.5266E+00 0.7022E+00
 0.3600E+00 0.3517E+00 0.5267E+00 0.7024E+00
 0.3800E+00 0.3517E+00 0.5258E+00 0.7006E+00
 0.4000E+00 0.3517E+00 0.5241E+00 0.6972E+00
 0.4200E+00 0.3517E+00 0.5218E+00 0.6926E+00
 0.4400E+00 0.3517E+00 0.5191E+00 0.6872E+00
 0.4600E+00 0.3517E+00 0.5161E+00 0.6812E+00
 0.4800E+00 0.3517E+00 0.5129E+00 0.6747E+00
 0.5000E+00 0.3517E+00 0.5095E+00 0.6681E+00
 0.5200E+00 0.3517E+00 0.5061E+00 0.6612E+00
 0.5400E+00 0.3517E+00 0.5027E+00 0.6544E+00
 0.5600E+00 0.3517E+00 0.4992E+00 0.6475E+00
 0.5800E+00 0.3517E+00 0.4958E+00 0.6407E+00
 0.6000E+00 0.3517E+00 0.4925E+00 0.6340E+00
 0.6200E+00 0.3517E+00 0.4892E+00 0.6274E+00
 0.6400E+00 0.3517E+00 0.4860E+00 0.6210E+00
 0.6600E+00 0.3517E+00 0.4829E+00 0.6147E+00
 0.6800E+00 0.3517E+00 0.4798E+00 0.6086E+00
 0.7000E+00 0.3517E+00 0.4769E+00 0.6027E+00
 0.7200E+00 0.3517E+00 0.4740E+00 0.5970E+00
 0.7400E+00 0.3517E+00 0.4712E+00 0.5914E+00
 0.7600E+00 0.3517E+00 0.4686E+00 0.5861E+00
 0.7800E+00 0.3517E+00 0.4660E+00 0.5809E+00
 0.8000E+00 0.3517E+00 0.4635E+00 0.5759E+00
 0.8200E+00 0.3517E+00 0.4610E+00 0.5710E+00
 0.8400E+00 0.3517E+00 0.4587E+00 0.5664E+00
 0.8600E+00 0.3517E+00 0.4565E+00 0.5619E+00
 0.8800E+00 0.3517E+00 0.4543E+00 0.5575E+00
 0.9000E+00 0.3517E+00 0.4522E+00 0.5533E+00
 0.9200E+00 0.3517E+00 0.4501E+00 0.5492E+00
 0.9400E+00 0.3517E+00 0.4482E+00 0.5453E+00
 0.9600E+00 0.3517E+00 0.4463E+00 0.5415E+00
 0.9800E+00 0.3517E+00 0.4445E+00 0.5379E+00
 0.1000E+01 0.3517E+00 0.4427E+00 0.5343E+00
 0.1020E+01 0.3517E+00 0.4410E+00 0.5309E+00
 0.1040E+01 0.3517E+00 0.4393E+00 0.5276E+00
 0.1060E+01 0.3517E+00 0.4377E+00 0.5244E+00
 0.1080E+01 0.3517E+00 0.4362E+00 0.5213E+00
 0.1100E+01 0.3517E+00 0.4347E+00 0.5183E+00
 0.1120E+01 0.3517E+00 0.4332E+00 0.5154E+00
 0.1140E+01 0.3517E+00 0.4318E+00 0.5126E+00
 0.1160E+01 0.3517E+00 0.4305E+00 0.5099E+00
 0.1180E+01 0.3517E+00 0.4292E+00 0.5072E+00
 0.1200E+01 0.3517E+00 0.4279E+00 0.5047E+00
 0.1220E+01 0.3517E+00 0.4266E+00 0.5022E+00
 0.1240E+01 0.3517E+00 0.4254E+00 0.4998E+00
 0.1260E+01 0.3517E+00 0.4243E+00 0.4974E+00
 0.1280E+01 0.3517E+00 0.4231E+00 0.4952E+00
 0.1300E+01 0.3517E+00 0.4220E+00 0.4930E+00
 0.1320E+01 0.3517E+00 0.4210E+00 0.4908E+00
 0.1340E+01 0.3517E+00 0.4199E+00 0.4887E+00
 0.1360E+01 0.3517E+00 0.4189E+00 0.4867E+00
 0.1380E+01 0.3517E+00 0.4179E+00 0.4848E+00
 0.1400E+01 0.3517E+00 0.4170E+00 0.4828E+00
 0.1420E+01 0.3517E+00 0.4160E+00 0.4810E+00
 0.1440E+01 0.3517E+00 0.4151E+00 0.4792E+00
 0.1460E+01 0.3517E+00 0.4143E+00 0.4774E+00
 0.1480E+01 0.3517E+00 0.4134E+00 0.4757E+00
 0.1500E+01 0.3517E+00 0.4126E+00 0.4740E+00
 0.1520E+01 0.3517E+00 0.4117E+00 0.4724E+00
 0.1540E+01 0.3517E+00 0.4110E+00 0.4708E+00
 0.1560E+01 0.3517E+00 0.4102E+00 0.4692E+00
 0.1580E+01 0.3517E+00 0.4094E+00 0.4677E+00
 0.1600E+01 0.3517E+00 0.4087E+00 0.4663E+00
 0.1620E+01 0.3517E+00 0.4080E+00 0.4648E+00
 0.1640E+01 0.3517E+00 0.4073E+00 0.4634E+00
 0.1660E+01 0.3517E+00 0.4066E+00 0.4620E+00
 0.1680E+01 0.3517E+00 0.4059E+00 0.4607E+00
 0.1700E+01 0.3517E+00 0.4053E+00 0.4594E+00
 0.1720E+01 0.3517E+00 0.4046E+00 0.4581E+00
 0.1740E+01 0.3517E+00 0.4040E+00 0.4569E+00
 0.1760E+01 0.3517E+00 0.4034E+00 0.4556E+00
 0.1780E+01 0.3517E+00 0.4028E+00 0.4544E+00
 0.1800E+01 0.3517E+00 0.4022E+00 0.4533E+00
 0.1820E+01 0.3517E+00 0.4016E+00 0.4521E+00
 0.1840E+01 0.3517E+00 0.4011E+00 0.4510E+00
 0.1860E+01 0.3517E+00 0.4005E+00 0.4499E+00
 0.1880E+01 0.3517E+00 0.4000E+00 0.4489E+00
 0.1900E+01 0.3517E+00 0.3995E+00 0.4478E+00
 0.1920E+01 0.3517E+00 0.3990E+00 0.4468E+00
 0.1940E+01 0.3517E+00 0.3985E+00 0.4458E+00
 0.1960E+01 0.3517E+00 0.3980E+00 0.4448E+00
 0.1980E+01 0.3517E+00 0.3975E+00 0.4438E+00
 0.2000E+01 0.3517E+00 0.3970E+00 0.4429E+00
 0.2020E+01 0.3517E+00 0.3965E+00 0.4420E+00
 0.2040E+01 0.3517E+00 0.3961E+00 0.4410E+00
 0.2060E+01 0.3517E+00 0.3956E+00 0.4402E+00
 0.2080E+01 0.3517E+00 0.3952E+00 0.4393E+00
 0.2100E+01 0.3517E+00 0.3948E+00 0.4384E+00
 0.2120E+01 0.3517E+00 0.3944E+00 0.4376E+00
 0.2140E+01 0.3517E+00 0.3939E+00 0.4368E+00
 0.2160E+01 0.3517E+00 0.3935E+00 0.4359E+00
 0.2180E+01 0.3517E+00 0.3931E+00 0.4352E+00
 0.2200E+01 0.3517E+00 0.3928E+00 0.4344E+00
 0.2220E+01 0.3517E+00 0.3924E+00 0.4336E+00
 0.2240E+01 0.3517E+00 0.3920E+00 0.4329E+00
 0.2260E+01 0.3517E+00 0.3916E+00 0.4321E+00
 0.2280E+01 0.3517E+00 0.3913E+00 0.4314E+00
 0.2300E+01 0.3517E+00 0.3909E+00 0.4307E+00
 0.2320E+01 0.3517E+00 0.3906E+00 0.4300E+00
 0.2340E+01 0.3517E+00 0.3902E+00 0.4293E+00
 0.2360E+01 0.3517E+00 0.3899E+00 0.4286E+00
 0.2380E+01 0.3517E+00 0.3895E+00 0.4279E+00
 0.2400E+01 0.3517E+00 0.3892E+00 0.4273E+00
 0.2420E+01 0.3517E+00 0.3889E+00 0.4267E+00
 0.2440E+01 0.3517E+00 0.3886E+00 0.4260E+00
 0.2460E+01 0.3517E+00 0.3883E+00 0.4254E+00
 0.2480E+01 0.3517E+00 0.3880E+00 0.4248E+00
 0.2500E+01 0.3517E+00 0.3877E+00 0.4242E+00
 0.2520E+01 0.3517E+00 0.3874E+00 0.4236E+00
 0.2540E+01 0.3517E+00 0.3871E+00 0.4230E+00
 0.2560E+01 0.3517E+00 0.3868E+00 0.4224E+00
 0.2580E+01 0.3517E+00 0.3865E+00 0.4219E+00
 0.2600E+01 0.3517E+00 0.3862E+00 0.4213E+00
 0.2620E+01 0.3517E+00 0.3860E+00 0.4208E+00
 0.2640E+01 0.3517E+00 0.3857E+00 0.4202E+00
 0.2660E+01 0.3517E+00 0.3854E+00 0.4197E+00
 0.2680E+01 0.3517E+00 0.3852E+00 0.4192E+00
 0.2700E+01 0.3517E+00 0.3849E+00 0.4187E+00
 0.2720E+01 0.3517E+00 0.3847E+00 0.4182E+00
 0.2740E+01 0.3517E+00 0.3844E+00 0.4177E+00
 0.2760E+01 0.3517E+00 0.3842E+00 0.4172E+00
 0.2780E+01 0.3517E+00 0.3839E+00 0.4167E+00
 0.2800E+01 0.3517E+00 0.3837E+00 0.4162E+00
 0.2820E+01 0.3517E+00 0.3834E+00 0.4157E+00
 0.2840E+01 0.3517E+00 0.3832E+00 0.4153E+00
 0.2860E+01 0.3517E+00 0.3830E+00 0.4148E+00
 0.2880E+01 0.3517E+00 0.3828E+00 0.4144E+00
 0.2900E+01 0.3517E+00 0.3825E+00 0.4139E+00
 0.2920E+01 0.3517E+00 0.3823E+00 0.4135E+00
 0.2940E+01 0.3517E+00 0.3821E+00 0.4130E+00
 0.2960E+01 0.3517E+00 0.3819E+00 0.4126E+00
 0.2980E+01 0.3517E+00 0.3817E+00 0.4122E+00
 0.3000E+01 0.3517E+00 0.3815E+00 0.4118E+00
 0.3020E+01 0.3517E+00 0.3813E+00 0.4114E+00
 0.3040E+01 0.3517E+00 0.3811E+00 0.4110E+00
 0.3060E+01 0.3517E+00 0.3809E+00 0.4106E+00
 0.3080E+01 0.3517E+00 0.3807E+00 0.4102E+00
 0.3100E+01 0.3517E+00 0.3805E+00 0.4098E+00
 0.3120E+01 0.3517E+00 0.3803E+00 0.4094E+00
 0.3140E+01 0.3517E+00 0.3801E+00 0.4090E+00
 0.3160E+01 0.3517E+00 0.3799E+00 0.4087E+00
 0.3180E+01 0.3517E+00 0.3797E+00 0.4083E+00
 0.3200E+01 0.3517E+00 0.3795E+00 0.4079E+00
 0.3220E+01 0.3517E+00 0.3794E+00 0.4076E+00
 0.3240E+01 0.3517E+00 0.3792E+00 0.4072E+00
 0.3260E+01 0.3517E+00 0.3790E+00 0.4069E+00
 0.3280E+01 0.3517E+00 0.3788E+00 0.4065E+00
 0.3300E+01 0.3517E+00 0.3787E+00 0.4062E+00
 0.3320E+01 0.3517E+00 0.3785E+00 0.4058E+00
 0.3340E+01 0.3517E+00 0.3783E+00 0.4055E+00
 0.3360E+01 0.3517E+00 0.3782E+00 0.4052E+00
 0.3380E+01 0.3517E+00 0.3780E+00 0.4049E+00
 0.3400E+01 0.3517E+00 0.3779E+00 0.4045E+00
 0.3420E+01 0.3517E+00 0.3777E+00 0.4042E+00
 0.3440E+01 0.3517E+00 0.3775E+00 0.4039E+00
 0.3460E+01 0.3517E+00 0.3774E+00 0.4036E+00
 0.3480E+01 0.3517E+00 0.3772E+00 0.4033E+00
 0.3500E+01 0.3517E+00 0.3771E+00 0.4030E+00
 0.3520E+01 0.3517E+00 0.3769E+00 0.4027E+00
 0.3540E+01 0.3517E+00 0.3768E+00 0.4024E+00
 0.3560E+01 0.3517E+00 0.3766E+00 0.4021E+00
 0.3580E+01 0.3517E+00 0.3765E+00 0.4018E+00
 0.3600E+01 0.3517E+00 0.3764E+00 0.4015E+00
 0.3620E+01 0.3517E+00 0.3762E+00 0.4012E+00
 0.3640E+01 0.3517E+00 0.3761E+00 0.4010E+00
 0.3660E+01 0.3517E+00 0.3759E+00 0.4007E+00
 0.3680E+01 0.3517E+00 0.3758E+00 0.4004E+00
 0.3700E+01 0.3517E+00 0.3757E+00 0.4001E+00
 0.3720E+01 0.3517E+00 0.3755E+00 0.3999E+00
 0.3740E+01 0.3517E+00 0.3754E+00 0.3996E+00
 0.3760E+01 0.3517E+00 0.3753E+00 0.3994E+00
 0.3780E+01 0.3517E+00 0.3751E+00 0.3991E+00
 0.3800E+01 0.3517E+00 0.3750E+00 0.3988E+00
 0.3820E+01 0.3517E+00 0.3749E+00 0.3986E+00
 0.3840E+01 0.3517E+00 0.3748E+00 0.3983E+00
 0.3860E+01 0.3517E+00 0.3746E+00 0.3981E+00
 0.3880E+01 0.3517E+00 0.3745E+00 0.3978E+00
 0.3900E+01 0.3517E+00 0.3744E+00 0.3976E+00
 0.3920E+01 0.3517E+00 0.3743E+00 0.3974E+00
 0.3940E+01 0.3517E+00 0.3742E+00 0.3971E+00
 0.3960E+01 0.3517E+00 0.3741E+00 0.3969E+00
 0.3980E+01 0.3517E+00 0.3739E+00 0.3967E+00
 0.4000E+01 0.3517E+00 0.3738E+00 0.3964E+00
 0.4020E+01 0.3517E+00 0.3737E+00 0.3962E+00
 0.4040E+01 0.3517E+00 0.3736E+00 0.3960E+00
 0.4060E+01 0.3517E+00 0.3735E+00 0.3958E+00
 0.4080E+01 0.3517E+00 0.3734E+00 0.3955E+00
 0.4100E+01 0.3517E+00 0.3733E+00 0.3953E+00
 0.4120E+01 0.3517E+00 0.3732E+00 0.3951E+00
 0.4140E+01 0.3517E+00 0.3731E+00 0.3949E+00
 0.4160E+01 0.3517E+00 0.3730E+00 0.3947E+00
 0.4180E+01 0.3517E+00 0.3729E+00 0.3945E+00
 0.4200E+01 0.3518E+00 0.3728E+00 0.3943E+00
 0.4220E+01 0.3518E+00 0.3726E+00 0.3941E+00
 0.4240E+01 0.3518E+00 0.3725E+00 0.3939E+00
 0.4260E+01 0.3518E+00 0.3725E+00 0.3937E+00
 0.4280E+01 0.3518E+00 0.3724E+00 0.3935E+00
 0.4300E+01 0.3518E+00 0.3723E+00 0.3933E+00
 0.4320E+01 0.3518E+00 0.3722E+00 0.3931E+00
 0.4340E+01 0.3518E+00 0.3721E+00 0.3929E+00
 0.4360E+01 0.3518E+00 0.3720E+00 0.3927E+00
 0.4380E+01 0.3518E+00 0.3719E+00 0.3925E+00
 0.4400E+01 0.3518E+00 0.3718E+00 0.3923E+00
 0.4420E+01 0.3518E+00 0.3717E+00 0.3921E+00
 0.4440E+01 0.3518E+00 0.3716E+00 0.3919E+00
 0.4460E+01 0.3518E+00 0.3715E+00 0.3918E+00
 0.4480E+01 0.3518E+00 0.3714E+00 0.3916E+00
 0.4500E+01 0.3518E+00 0.3713E+00 0.3914E+00
 0.4520E+01 0.3518E+00 0.3713E+00 0.3912E+00
 0.4540E+01 0.3518E+00 0.3712E+00 0.3911E+00
 0.4560E+01 0.3518E+00 0.3711E+00 0.3909E+00
 0.4580E+01 0.3518E+00 0.3710E+00 0.3907E+00
 0.4600E+01 0.3518E+00 0.3709E+00 0.3905E+00
 0.4620E+01 0.3518E+00 0.3708E+00 0.3904E+00
 0.4640E+01 0.3518E+00 0.3708E+00 0.3902E+00
 0.4660E+01 0.3518E+00 0.3707E+00 0.3900E+00
 0.4680E+01 0.3518E+00 0.3706E+00 0.3899E+00
 0.4700E+01 0.3518E+00 0.3705E+00 0.3897E+00
 0.4720E+01 0.3518E+00 0.3704E+00 0.3896E+00
 0.4740E+01 0.3519E+00 0.3704E+00 0.3894E+00
 0.4760E+01 0.3519E+00 0.3703E+00 0.3892E+00
 0.4780E+01 0.3519E+00 0.3702E+00 0.3891E+00
 0.4800E+01 0.3519E+00 0.3701E+00 0.3889E+00
 0.4820E+01 0.3519E+00 0.3701E+00 0.3888E+00
 0.4840E+01 0.3519E+00 0.3700E+00 0.3886E+00
 0.4860E+01 0.3519E+00 0.3699E+00 0.3885E+00
 0.4880E+01 0.3519E+00 0.3698E+00 0.3883E+00
 0.4900E+01 0.3519E+00 0.3698E+00 0.3882E+00
 0.4920E+01 0.3519E+00 0.3697E+00 0.3880E+00
 0.4940E+01 0.3519E+00 0.3696E+00 0.3879E+00
 0.4960E+01 0.3519E+00 0.3696E+00 0.3877E+00
 0.4980E+01 0.3519E+00 0.3695E+00 0.3876E+00
 0.5000E+01 0.3519E+00 0.3694E+00 0.3875E+00
 0.5020E+01 0.3519E+00 0.3694E+00 0.3873E+00
 0.5040E+01 0.3519E+00 0.3693E+00 0.3872E+00
 0.5060E+01 0.3520E+00 0.3692E+00 0.3870E+00
 0.5080E+01 0.3520E+00 0.3692E+00 0.3869E+00
 0.5100E+01 0.3520E+00 0.3691E+00 0.3868E+00
 0.5120E+01 0.3520E+00 0.3691E+00 0.3866E+00
 0.5140E+01 0.3520E+00 0.3690E+00 0.3865E+00
 0.5160E+01 0.3520E+00 0.3689E+00 0.3864E+00
 0.5180E+01 0.3520E+00 0.3689E+00 0.3863E+00
 0.5200E+01 0.3520E+00 0.3688E+00 0.3861E+00
 0.5220E+01 0.3520E+00 0.3687E+00 0.3860E+00
 0.5240E+01 0.3520E+00 0.3687E+00 0.3859E+00
 0.5260E+01 0.3520E+00 0.3686E+00 0.3857E+00
 0.5280E+01 0.3520E+00 0.3686E+00 0.3856E+00
 0.5300E+01 0.3521E+00 0.3685E+00 0.3855E+00
 0.5320E+01 0.3521E+00 0.3685E+00 0.3854E+00
 0.5340E+01 0.3521E+00 0.3684E+00 0.3853E+00
 0.5360E+01 0.3521E+00 0.3684E+00 0.3851E+00
 0.5380E+01 0.3521E+00 0.3683E+00 0.3850E+00
 0.5400E+01 0.3521E+00 0.3682E+00 0.3849E+00
 0.5420E+01 0.3521E+00 0.3682E+00 0.3848E+00
 0.5440E+01 0.3521E+00 0.3681E+00 0.3847E+00
 0.5460E+01 0.3521E+00 0.3681E+00 0.3846E+00
 0.5480E+01 0.3521E+00 0.3680E+00 0.3844E+00
 0.5500E+01 0.3522E+00 0.3680E+00 0.3843E+00
 0.5520E+01 0.3522E+00 0.3679E+00 0.3842E+00
 0.5540E+01 0.3522E+00 0.3679E+00 0.3841E+00
 0.5560E+01 0.3522E+00 0.3678E+00 0.3840E+00
 0.5580E+01 0.3522E+00 0.3678E+00 0.3839E+00
 0.5600E+01 0.3522E+00 0.3677E+00 0.3838E+00
 0.5620E+01 0.3522E+00 0.3677E+00 0.3837E+00
 0.5640E+01 0.3522E+00 0.3677E+00 0.3836E+00
 0.5660E+01 0.3522E+00 0.3676E+00 0.3835E+00
 0.5680E+01 0.3523E+00 0.3676E+00 0.3834E+00
 0.5700E+01 0.3523E+00 0.3675E+00 0.3833E+00
 0.5720E+01 0.3523E+00 0.3675E+00 0.3832E+00
 0.5740E+01 0.3523E+00 0.3674E+00 0.3831E+00
 0.5760E+01 0.3523E+00 0.3674E+00 0.3830E+00
 0.5780E+01 0.3523E+00 0.3673E+00 0.3829E+00
 0.5800E+01 0.3523E+00 0.3673E+00 0.3828E+00
 0.5820E+01 0.3523E+00 0.3673E+00 0.3827E+00
 0.5840E+01 0.3524E+00 0.3672E+00 0.3826E+00
 0.5860E+01 0.3524E+00 0.3672E+00 0.3825E+00
 0.5880E+01 0.3524E+00 0.3671E+00 0.3824E+00
 0.5900E+01 0.3524E+00 0.3671E+00 0.3823E+00
 0.5920E+01 0.3524E+00 0.3671E+00 0.3822E+00
 0.5940E+01 0.3524E+00 0.3670E+00 0.3821E+00
 0.5960E+01 0.3525E+00 0.3670E+00 0.3820E+00
 0.5980E+01 0.3525E+00 0.3670E+00 0.3820E+00
 0.6000E+01 0.3525E+00 0.3669E+00 0.3819E+00
 0.6020E+01 0.3525E+00 0.3669E+00 0.3818E+00
 0.6040E+01 0.3525E+00 0.3668E+00 0.3817E+00
 0.6060E+01 0.3525E+00 0.3668E+00 0.3816E+00
 0.6080E+01 0.3525E+00 0.3668E+00 0.3815E+00
 0.6100E+01 0.3526E+00 0.3667E+00 0.3814E+00
 0.6120E+01 0.3526E+00 0.3667E+00 0.3814E+00
 0.6140E+01 0.3526E+00 0.3667E+00 0.3813E+00
 0.6160E+01 0.3526E+00 0.3666E+00 0.3812E+00
 0.6180E+01 0.3526E+00 0.3666E+00 0.3811E+00
 0.6200E+01 0.3526E+00 0.3666E+00 0.3810E+00
 0.6220E+01 0.3527E+00 0.3666E+00 0.3810E+00
 0.6240E+01 0.3527E+00 0.3665E+00 0.3809E+00
 0.6260E+01 0.3527E+00 0.3665E+00 0.3808E+00
 0.6280E+01 0.3527E+00 0.3665E+00 0.3807E+00
 0.6300E+01 0.3527E+00 0.3664E+00 0.3807E+00
 0.6320E+01 0.3528E+00 0.3664E+00 0.3806E+00
 0.6340E+01 0.3528E+00 0.3664E+00 0.3805E+00
 0.6360E+01 0.3528E+00 0.3664E+00 0.3804E+00
 0.6380E+01 0.3528E+00 0.3663E+00 0.3804E+00
 0.6400E+01 0.3528E+00 0.3663E+00 0.3803E+00
 0.6420E+01 0.3529E+00 0.3663E+00 0.3802E+00
 0.6440E+01 0.3529E+00 0.3663E+00 0.3801E+00
 0.6460E+01 0.3529E+00 0.3662E+00 0.3801E+00
 0.6480E+01 0.3529E+00 0.3662E+00 0.3800E+00
 0.6500E+01 0.3529E+00 0.3662E+00 0.3799E+00
 0.6520E+01 0.3530E+00 0.3662E+00 0.3799E+00
 0.6540E+01 0.3530E+00 0.3661E+00 0.3798E+00
 0.6560E+01 0.3530E+00 0.3661E+00 0.3797E+00
 0.6580E+01 0.3530E+00 0.3661E+00 0.3797E+00
 0.6600E+01 0.3530E+00 0.3661E+00 0.3796E+00
 0.6620E+01 0.3531E+00 0.3661E+00 0.3795E+00
 0.6640E+01 0.3531E+00 0.3660E+00 0.3795E+00
 0.6660E+01 0.3531E+00 0.3660E+00 0.3794E+00
 0.6680E+01 0.3531E+00 0.3660E+00 0.3794E+00
 0.6700E+01 0.3532E+00 0.3660E+00 0.3793E+00
 0.6720E+01 0.3532E+00 0.3660E+00 0.3792E+00
 0.6740E+01 0.3532E+00 0.3659E+00 0.3792E+00
 0.6760E+01 0.3532E+00 0.3659E+00 0.3791E+00
 0.6780E+01 0.3533E+00 0.3659E+00 0.3791E+00
 0.6800E+01 0.3533E+00 0.3659E+00 0.3790E+00
 0.6820E+01 0.3533E+00 0.3659E+00 0.3790E+00
 0.6840E+01 0.3533E+00 0.3659E+00 0.3789E+00
 0.6860E+01 0.3534E+00 0.3658E+00 0.3788E+00
 0.6880E+01 0.3534E+00 0.3658E+00 0.3788E+00
 0.6900E+01 0.3534E+00 0.3658E+00 0.3787E+00
 0.6920E+01 0.3534E+00 0.3658E+00 0.3787E+00
 0.6940E+01 0.3535E+00 0.3658E+00 0.3786E+00
 0.6960E+01 0.3535E+00 0.3658E+00 0.3786E+00
 0.6980E+01 0.3535E+00 0.3658E+00 0.3785E+00
 0.7000E+01 0.3535E+00 0.3658E+00 0.3785E+00
 0.7020E+01 0.3536E+00 0.3657E+00 0.3784E+00
 0.7040E+01 0.3536E+00 0.3657E+00 0.3784E+00
 0.7060E+01 0.3536E+00 0.3657E+00 0.3783E+00
 0.7080E+01 0.3536E+00 0.3657E+00 0.3783E+00
 0.7100E+01 0.3537E+00 0.3657E+00 0.3782E+00
 0.7120E+01 0.3537E+00 0.3657E+00 0.3782E+00
 0.7140E+01 0.3537E+00 0.3657E+00 0.3781E+00
 0.7160E+01 0.3538E+00 0.3657E+00 0.3781E+00
 0.7180E+01 0.3538E+00 0.3657E+00 0.3780E+00
 0.7200E+01 0.3538E+00 0.3657E+00 0.3780E+00
 0.7220E+01 0.3538E+00 0.3656E+00 0.3780E+00
 0.7240E+01 0.3539E+00 0.3656E+00 0.3779E+00
 0.7260E+01 0.3539E+00 0.3656E+00 0.3779E+00
 0.7280E+01 0.3539E+00 0.3656E+00 0.3778E+00
 0.7300E+01 0.3540E+00 0.3656E+00 0.3778E+00
 0.7320E+01 0.3540E+00 0.3656E+00 0.3778E+00
 0.7340E+01 0.3540E+00 0.3656E+00 0.3777E+00
 0.7360E+01 0.3541E+00 0.3656E+00 0.3777E+00
 0.7380E+01 0.3541E+00 0.3656E+00 0.3776E+00
 0.7400E+01 0.3541E+00 0.3656E+00 0.3776E+00
 0.7420E+01 0.3542E+00 0.3656E+00 0.3776E+00
 0.7440E+01 0.3542E+00 0.3656E+00 0.3775E+00
 0.7460E+01 0.3542E+00 0.3656E+00 0.3775E+00
 0.7480E+01 0.3543E+00 0.3656E+00 0.3774E+00
 0.7500E+01 0.3543E+00 0.3656E+00 0.3774E+00
 0.7520E+01 0.3543E+00 0.3656E+00 0.3774E+00
 0.7540E+01 0.3544E+00 0.3656E+00 0.3773E+00
 0.7560E+01 0.3544E+00 0.3656E+00 0.3773E+00
 0.7580E+01 0.3544E+00 0.3656E+00 0.3773E+00
 0.7600E+01 0.3545E+00 0.3656E+00 0.3772E+00
 0.7620E+01 0.3545E+00 0.3656E+00 0.3772E+00
 0.7640E+01 0.3545E+00 0.3656E+00 0.3772E+00
 0.7660E+01 0.3546E+00 0.3656E+00 0.3771E+00
 0.7680E+01 0.3546E+00 0.3656E+00 0.3771E+00
 0.7700E+01 0.3546E+00 0.3656E+00 0.3771E+00
 0.7720E+01 0.3547E+00 0.3656E+00 0.3771E+00
 0.7740E+01 0.3547E+00 0.3656E+00 0.3770E+00
 0.7760E+01 0.3547E+00 0.3656E+00 0.3770E+00
 0.7780E+01 0.3548E+00 0.3656E+00 0.3770E+00
 0.7800E+01 0.3548E+00 0.3656E+00 0.3769E+00
 0.7820E+01 0.3548E+00 0.3656E+00 0.3769E+00
 0.7840E+01 0.3549E+00 0.3656E+00 0.3769E+00
 0.7860E+01 0.3549E+00 0.3656E+00 0.3769E+00
 0.7880E+01 0.3550E+00 0.3656E+00 0.3768E+00
 0.7900E+01 0.3550E+00 0.3656E+00 0.3768E+00
 0.7920E+01 0.3550E+00 0.3657E+00 0.3768E+00
 0.7940E+01 0.3551E+00 0.3657E+00 0.3768E+00
 0.7960E+01 0.3551E+00 0.3657E+00 0.3767E+00
 0.7980E+01 0.3551E+00 0.3657E+00 0.3767E+00
 0.8000E+01 0.3552E+00 0.3657E+00 0.3767E+00
 0.8020E+01 0.3552E+00 0.3657E+00 0.3767E+00
 0.8040E+01 0.3553E+00 0.3657E+00 0.3767E+00
 0.8060E+01 0.3553E+00 0.3657E+00 0.3766E+00
 0.8080E+01 0.3553E+00 0.3657E+00 0.3766E+00
 0.8100E+01 0.3554E+00 0.3657E+00 0.3766E+00
 0.8120E+01 0.3554E+00 0.3657E+00 0.3766E+00
 0.8140E+01 0.3555E+00 0.3658E+00 0.3766E+00
 0.8160E+01 0.3555E+00 0.3658E+00 0.3765E+00
 0.8180E+01 0.3555E+00 0.3658E+00 0.3765E+00
 0.8200E+01 0.3556E+00 0.3658E+00 0.3765E+00
 0.8220E+01 0.3556E+00 0.3658E+00 0.3765E+00
 0.8240E+01 0.3557E+00 0.3658E+00 0.3765E+00
 0.8260E+01 0.3557E+00 0.3658E+00 0.3765E+00
 0.8280E+01 0.3557E+00 0.3658E+00 0.3765E+00
 0.8300E+01 0.3558E+00 0.3659E+00 0.3764E+00
 0.8320E+01 0.3558E+00 0.3659E+00 0.3764E+00
 0.8340E+01 0.3559E+00 0.3659E+00 0.3764E+00
 0.8360E+01 0.3559E+00 0.3659E+00 0.3764E+00
 0.8380E+01 0.3560E+00 0.3659E+00 0.3764E+00
 0.8400E+01 0.3560E+00 0.3659E+00 0.3764E+00
 0.8420E+01 0.3560E+00 0.3659E+00 0.3764E+00
 0.8440E+01 0.3561E+00 0.3660E+00 0.3763E+00
 0.8460E+01 0.3561E+00 0.3660E+00 0.3763E+00
 0.8480E+01 0.3562E+00 0.3660E+00 0.3763E+00
 0.8500E+01 0.3562E+00 0.3660E+00 0.3763E+00
 0.8520E+01 0.3563E+00 0.3660E+00 0.3763E+00
 0.8540E+01 0.3563E+00 0.3660E+00 0.3763E+00
 0.8560E+01 0.3564E+00 0.3661E+00 0.3763E+00
 0.8580E+01 0.3564E+00 0.3661E+00 0.3763E+00
 0.8600E+01 0.3564E+00 0.3661E+00 0.3763E+00
 0.8620E+01 0.3565E+00 0.3661E+00 0.3763E+00
 0.8640E+01 0.3565E+00 0.3661E+00 0.3763E+00
 0.8660E+01 0.3566E+00 0.3662E+00 0.3763E+00
 0.8680E+01 0.3566E+00 0.3662E+00 0.3762E+00
 0.8700E+01 0.3567E+00 0.3662E+00 0.3762E+00
 0.8720E+01 0.3567E+00 0.3662E+00 0.3762E+00
 0.8740E+01 0.3568E+00 0.3662E+00 0.3762E+00
 0.8760E+01 0.3568E+00 0.3663E+00 0.3762E+00
 0.8780E+01 0.3569E+00 0.3663E+00 0.3762E+00
 0.8800E+01 0.3569E+00 0.3663E+00 0.3762E+00
 0.8820E+01 0.3570E+00 0.3663E+00 0.3762E+00
 0.8840E+01 0.3570E+00 0.3664E+00 0.3762E+00
 0.8860E+01 0.3571E+00 0.3664E+00 0.3762E+00
 0.8880E+01 0.3571E+00 0.3664E+00 0.3762E+00
 0.8900E+01 0.3572E+00 0.3664E+00 0.3762E+00
 0.8920E+01 0.3572E+00 0.3665E+00 0.3762E+00
 0.8940E+01 0.3573E+00 0.3665E+00 0.3762E+00
 0.8960E+01 0.3573E+00 0.3665E+00 0.3762E+00
 0.8980E+01 0.3574E+00 0.3665E+00 0.3762E+00
 0.9000E+01 0.3574E+00 0.3666E+00 0.3762E+00
 0.9020E+01 0.3575E+00 0.3666E+00 0.3762E+00
 0.9040E+01 0.3575E+00 0.3666E+00 0.3762E+00
 0.9060E+01 0.3576E+00 0.3666E+00 0.3762E+00
 0.9080E+01 0.3576E+00 0.3667E+00 0.3762E+00
 0.9100E+01 0.3577E+00 0.3667E+00 0.3762E+00
 0.9120E+01 0.3577E+00 0.3667E+00 0.3762E+00
 0.9140E+01 0.3578E+00 0.3667E+00 0.3762E+00
 0.9160E+01 0.3578E+00 0.3668E+00 0.3762E+00
 0.9180E+01 0.3579E+00 0.3668E+00 0.3762E+00
 0.9200E+01 0.3579E+00 0.3668E+00 0.3762E+00
 0.9220E+01 0.3580E+00 0.3669E+00 0.3762E+00
 0.9240E+01 0.3580E+00 0.3669E+00 0.3763E+00
 0.9260E+01 0.3581E+00 0.3669E+00 0.3763E+00
 0.9280E+01 0.3581E+00 0.3669E+00 0.3763E+00
 0.9300E+01 0.3582E+00 0.3670E+00 0.3763E+00
 0.9320E+01 0.3582E+00 0.3670E+00 0.3763E+00
 0.9340E+01 0.3583E+00 0.3670E+00 0.3763E+00
 0.9360E+01 0.3583E+00 0.3671E+00 0.3763E+00
 0.9380E+01 0.3584E+00 0.3671E+00 0.3763E+00
 0.9400E+01 0.3584E+00 0.3671E+00 0.3763E+00
 0.9420E+01 0.3585E+00 0.3672E+00 0.3763E+00
 0.9440E+01 0.3586E+00 0.3672E+00 0.3763E+00
 0.9460E+01 0.3586E+00 0.3672E+00 0.3763E+00
 0.9480E+01 0.3587E+00 0.3673E+00 0.3764E+00
 0.9500E+01 0.3587E+00 0.3673E+00 0.3764E+00
 0.9520E+01 0.3588E+00 0.3673E+00 0.3764E+00
 0.9540E+01 0.3588E+00 0.3674E+00 0.3764E+00
 0.9560E+01 0.3589E+00 0.3674E+00 0.3764E+00
 0.9580E+01 0.3589E+00 0.3674E+00 0.3764E+00
 0.9600E+01 0.3590E+00 0.3675E+00 0.3764E+00
 0.9620E+01 0.3591E+00 0.3675E+00 0.3764E+00
 0.9640E+01 0.3591E+00 0.3675E+00 0.3764E+00
 0.9660E+01 0.3592E+00 0.3676E+00 0.3765E+00
 0.9680E+01 0.3592E+00 0.3676E+00 0.3765E+00
 0.9700E+01 0.3593E+00 0.3676E+00 0.3765E+00
 0.9720E+01 0.3593E+00 0.3677E+00 0.3765E+00
 0.9740E+01 0.3594E+00 0.3677E+00 0.3765E+00
 0.9760E+01 0.3595E+00 0.3677E+00 0.3765E+00
 0.9780E+01 0.3595E+00 0.3678E+00 0.3765E+00
 0.9800E+01 0.3596E+00 0.3678E+00 0.3766E+00
 0.9820E+01 0.3596E+00 0.3678E+00 0.3766E+00
 0.9840E+01 0.3597E+00 0.3679E+00 0.3766E+00
 0.9860E+01 0.3597E+00 0.3679E+00 0.3766E+00
 0.9880E+01 0.3598E+00 0.3680E+00 0.3766E+00
 0.9900E+01 0.3599E+00 0.3680E+00 0.3766E+00
 0.9920E+01 0.3599E+00 0.3680E+00 0.3767E+00
 0.9940E+01 0.3600E+00 0.3681E+00 0.3767E+00
 0.9960E+01 0.3600E+00 0.3681E+00 0.3767E+00
 0.9980E+01 0.3601E+00 0.3682E+00 0.3767E+00
 0.1000E+02 0.3602E+00 0.3682E+00 0.3767E+00
 0.1002E+02 0.3602E+00 0.3682E+00 0.3768E+00
 0.1004E+02 0.3603E+00 0.3683E+00 0.3768E+00
 0.1006E+02 0.3603E+00 0.3683E+00 0.3768E+00
 0.1008E+02 0.3604E+00 0.3684E+00 0.3768E+00
 0.1010E+02 0.3605E+00 0.3684E+00 0.3768E+00
 0.1012E+02 0.3605E+00 0.3684E+00 0.3769E+00
 0.1014E+02 0.3606E+00 0.3685E+00 0.3769E+00
 0.1016E+02 0.3607E+00 0.3685E+00 0.3769E+00
 0.1018E+02 0.3607E+00 0.3686E+00 0.3769E+00
 0.1020E+02 0.3608E+00 0.3686E+00 0.3770E+00
 0.1022E+02 0.3608E+00 0.3686E+00 0.3770E+00
 0.1024E+02 0.3609E+00 0.3687E+00 0.3770E+00
 0.1026E+02 0.3610E+00 0.3687E+00 0.3770E+00
 0.1028E+02 0.3610E+00 0.3688E+00 0.3770E+00
 0.1030E+02 0.3611E+00 0.3688E+00 0.3771E+00
 0.1032E+02 0.3612E+00 0.3689E+00 0.3771E+00
 0.1034E+02 0.3612E+00 0.3689E+00 0.3771E+00
 0.1036E+02 0.3613E+00 0.3690E+00 0.3771E+00
 0.1038E+02 0.3613E+00 0.3690E+00 0.3772E+00
 0.1040E+02 0.3614E+00 0.3690E+00 0.3772E+00
 0.1042E+02 0.3615E+00 0.3691E+00 0.3772E+00
 0.1044E+02 0.3615E+00 0.3691E+00 0.3772E+00
 0.1046E+02 0.3616E+00 0.3692E+00 0.3773E+00
 0.1048E+02 0.3617E+00 0.3692E+00 0.3773E+00
 0.1050E+02 0.3617E+00 0.3693E+00 0.3773E+00
 0.1052E+02 0.3618E+00 0.3693E+00 0.3774E+00
 0.1054E+02 0.3619E+00 0.3694E+00 0.3774E+00
 0.1056E+02 0.3619E+00 0.3694E+00 0.3774E+00
 0.1058E+02 0.3620E+00 0.3695E+00 0.3774E+00
 0.1060E+02 0.3620E+00 0.3695E+00 0.3775E+00
 0.1062E+02 0.3621E+00 0.3695E+00 0.3775E+00
 0.1064E+02 0.3622E+00 0.3696E+00 0.3775E+00
 0.1066E+02 0.3622E+00 0.3696E+00 0.3775E+00
 0.1068E+02 0.3623E+00 0.3697E+00 0.3776E+00
 0.1070E+02 0.3624E+00 0.3697E+00 0.3776E+00
 0.1072E+02 0.3624E+00 0.3698E+00 0.3776E+00
 0.1074E+02 0.3625E+00 0.3698E+00 0.3777E+00
 0.1076E+02 0.3626E+00 0.3699E+00 0.3777E+00
 0.1078E+02 0.3626E+00 0.3699E+00 0.3777E+00
 0.1080E+02 0.3627E+00 0.3700E+00 0.3778E+00
 0.1082E+02 0.3628E+00 0.3700E+00 0.3778E+00
 0.1084E+02 0.3628E+00 0.3701E+00 0.3778E+00
 0.1086E+02 0.3629E+00 0.3701E+00 0.3779E+00
 0.1088E+02 0.3630E+00 0.3702E+00 0.3779E+00
 0.1090E+02 0.3630E+00 0.3702E+00 0.3779E+00
 0.1092E+02 0.3631E+00 0.3703E+00 0.3780E+00
 0.1094E+02 0.3632E+00 0.3703E+00 0.3780E+00
 0.1096E+02 0.3632E+00 0.3704E+00 0.3780E+00
 0.1098E+02 0.3633E+00 0.3704E+00 0.3781E+00
 0.1100E+02 0.3634E+00 0.3705E+00 0.3781E+00
 0.1102E+02 0.3635E+00 0.3705E+00 0.3781E+00
 0.1104E+02 0.3635E+00 0.3706E+00 0.3782E+00
 0.1106E+02 0.3636E+00 0.3706E+00 0.3782E+00
 0.1108E+02 0.3637E+00 0.3707E+00 0.3782E+00
 0.1110E+02 0.3637E+00 0.3707E+00 0.3783E+00
 0.1112E+02 0.3638E+00 0.3708E+00 0.3783E+00
 0.1114E+02 0.3639E+00 0.3708E+00 0.3783E+00
 0.1116E+02 0.3639E+00 0.3709E+00 0.3784E+00
 0.1118E+02 0.3640E+00 0.3709E+00 0.3784E+00
 0.1120E+02 0.3641E+00 0.3710E+00 0.3784E+00
 0.1122E+02 0.3641E+00 0.3711E+00 0.3785E+00
 0.1124E+02 0.3642E+00 0.3711E+00 0.3785E+00
 0.1126E+02 0.3643E+00 0.3712E+00 0.3786E+00
 0.1128E+02 0.3644E+00 0.3712E+00 0.3786E+00
 0.1130E+02 0.3644E+00 0.3713E+00 0.3786E+00
 0.1132E+02 0.3645E+00 0.3713E+00 0.3787E+00
 0.1134E+02 0.3646E+00 0.3714E+00 0.3787E+00
 0.1136E+02 0.3646E+00 0.3714E+00 0.3787E+00
 0.1138E+02 0.3647E+00 0.3715E+00 0.3788E+00
 0.1140E+02 0.3648E+00 0.3715E+00 0.3788E+00
 0.1142E+02 0.3649E+00 0.3716E+00 0.3789E+00
 0.1144E+02 0.3649E+00 0.3717E+00 0.3789E+00
 0.1146E+02 0.3650E+00 0.3717E+00 0.3789E+00
 0.1148E+02 0.3651E+00 0.3718E+00 0.3790E+00
 0.1150E+02 0.3651E+00 0.3718E+00 0.3790E+00
 0.1152E+02 0.3652E+00 0.3719E+00 0.3791E+00
 0.1154E+02 0.3653E+00 0.3719E+00 0.3791E+00
 0.1156E+02 0.3654E+00 0.3720E+00 0.3791E+00
 0.1158E+02 0.3654E+00 0.3720E+00 0.3792E+00
 0.1160E+02 0.3655E+00 0.3721E+00 0.3792E+00
 0.1162E+02 0.3656E+00 0.3722E+00 0.3793E+00
 0.1164E+02 0.3656E+00 0.3722E+00 0.3793E+00
 0.1166E+02 0.3657E+00 0.3723E+00 0.3793E+00
 0.1168E+02 0.3658E+00 0.3723E+00 0.3794E+00
 0.1170E+02 0.3659E+00 0.3724E+00 0.3794E+00
 0.1172E+02 0.3659E+00 0.3724E+00 0.3795E+00
 0.1174E+02 0.3660E+00 0.3725E+00 0.3795E+00
 0.1176E+02 0.3661E+00 0.3726E+00 0.3796E+00
 0.1178E+02 0.3662E+00 0.3726E+00 0.3796E+00
 0.1180E+02 0.3662E+00 0.3727E+00 0.3796E+00
 0.1182E+02 0.3663E+00 0.3727E+00 0.3797E+00
 0.1184E+02 0.3664E+00 0.3728E+00 0.3797E+00
 0.1186E+02 0.3665E+00 0.3729E+00 0.3798E+00
 0.1188E+02 0.3665E+00 0.3729E+00 0.3798E+00
 0.1190E+02 0.3666E+00 0.3730E+00 0.3799E+00
 0.1192E+02 0.3667E+00 0.3730E+00 0.3799E+00
 0.1194E+02 0.3668E+00 0.3731E+00 0.3800E+00
 0.1196E+02 0.3668E+00 0.3732E+00 0.3800E+00
 0.1198E+02 0.3669E+00 0.3732E+00 0.3800E+00
 0.1200E+02 0.3670E+00 0.3733E+00 0.3801E+00
 0.1202E+02 0.3671E+00 0.3733E+00 0.3801E+00
 0.1204E+02 0.3671E+00 0.3734E+00 0.3802E+00
 0.1206E+02 0.3672E+00 0.3735E+00 0.3802E+00
 0.1208E+02 0.3673E+00 0.3735E+00 0.3803E+00
 0.1210E+02 0.3674E+00 0.3736E+00 0.3803E+00
 0.1212E+02 0.3674E+00 0.3736E+00 0.3804E+00
 0.1214E+02 0.3675E+00 0.3737E+00 0.3804E+00
 0.1216E+02 0.3676E+00 0.3738E+00 0.3805E+00
 0.1218E+02 0.3677E+00 0.3738E+00 0.3805E+00
 0.1220E+02 0.3677E+00 0.3739E+00 0.3806E+00
 0.1222E+02 0.3678E+00 0.3739E+00 0.3806E+00
 0.1224E+02 0.3679E+00 0.3740E+00 0.3806E+00
 0.1226E+02 0.3680E+00 0.3741E+00 0.3807E+00
 0.1228E+02 0.3680E+00 0.3741E+00 0.3807E+00
 0.1230E+02 0.3681E+00 0.3742E+00 0.3808E+00
 0.1232E+02 0.3682E+00 0.3743E+00 0.3808E+00
 0.1234E+02 0.3683E+00 0.3743E+00 0.3809E+00
 0.1236E+02 0.3683E+00 0.3744E+00 0.3809E+00
 0.1238E+02 0.3684E+00 0.3744E+00 0.3810E+00
 0.1240E+02 0.3685E+00 0.3745E+00 0.3810E+00
 0.1242E+02 0.3686E+00 0.3746E+00 0.3811E+00
 0.1244E+02 0.3687E+00 0.3746E+00 0.3811E+00
 0.1246E+02 0.3687E+00 0.3747E+00 0.3812E+00
 0.1248E+02 0.3688E+00 0.3748E+00 0.3812E+00
 0.1250E+02 0.3689E+00 0.3748E+00 0.3813E+00
 0.1252E+02 0.3690E+00 0.3749E+00 0.3813E+00
 0.1254E+02 0.3690E+00 0.3749E+00 0.3814E+00
 0.1256E+02 0.3691E+00 0.3750E+00 0.3814E+00
 0.1258E+02 0.3692E+00 0.3751E+00 0.3815E+00
 0.1260E+02 0.3693E+00 0.3751E+00 0.3815E+00
 0.1262E+02 0.3693E+00 0.3752E+00 0.3816E+00
 0.1264E+02 0.3694E+00 0.3753E+00 0.3816E+00
 0.1266E+02 0.3695E+00 0.3753E+00 0.3817E+00
 0.1268E+02 0.3696E+00 0.3754E+00 0.3817E+00
 0.1270E+02 0.3697E+00 0.3755E+00 0.3818E+00
 0.1272E+02 0.3697E+00 0.3755E+00 0.3818E+00
 0.1274E+02 0.3698E+00 0.3756E+00 0.3819E+00
 0.1276E+02 0.3699E+00 0.3757E+00 0.3819E+00
 0.1278E+02 0.3700E+00 0.3757E+00 0.3820E+00
 0.1280E+02 0.3701E+00 0.3758E+00 0.3821E+00
 0.1282E+02 0.3701E+00 0.3759E+00 0.3821E+00
 0.1284E+02 0.3702E+00 0.3759E+00 0.3822E+00
 0.1286E+02 0.3703E+00 0.3760E+00 0.3822E+00
 0.1288E+02 0.3704E+00 0.3761E+00 0.3823E+00
 0.1290E+02 0.3705E+00 0.3761E+00 0.3823E+00
 0.1292E+02 0.3705E+00 0.3762E+00 0.3824E+00
 0.1294E+02 0.3706E+00 0.3763E+00 0.3824E+00
 0.1296E+02 0.3707E+00 0.3763E+00 0.3825E+00
 0.1298E+02 0.3708E+00 0.3764E+00 0.3825E+00
 0.1300E+02 0.3708E+00 0.3765E+00 0.3826E+00
 0.1302E+02 0.3709E+00 0.3765E+00 0.3826E+00
 0.1304E+02 0.3710E+00 0.3766E+00 0.3827E+00
 0.1306E+02 0.3711E+00 0.3767E+00 0.3828E+00
 0.1308E+02 0.3712E+00 0.3767E+00 0.3828E+00
 0.1310E+02 0.3712E+00 0.3768E+00 0.3829E+00
 0.1312E+02 0.3713E+00 0.3769E+00 0.3829E+00
 0.1314E+02 0.3714E+00 0.3769E+00 0.3830E+00
 0.1316E+02 0.3715E+00 0.3770E+00 0.3830E+00
 0.1318E+02 0.3716E+00 0.3771E+00 0.3831E+00
 0.1320E+02 0.3716E+00 0.3771E+00 0.3831E+00
 0.1322E+02 0.3717E+00 0.3772E+00 0.3832E+00
 0.1324E+02 0.3718E+00 0.3773E+00 0.3832E+00
 0.1326E+02 0.3719E+00 0.3773E+00 0.3833E+00
 0.1328E+02 0.3720E+00 0.3774E+00 0.3834E+00
 0.1330E+02 0.3721E+00 0.3775E+00 0.3834E+00
 0.1332E+02 0.3721E+00 0.3775E+00 0.3835E+00
 0.1334E+02 0.3722E+00 0.3776E+00 0.3835E+00
 0.1336E+02 0.3723E+00 0.3777E+00 0.3836E+00
 0.1338E+02 0.3724E+00 0.3777E+00 0.3836E+00
 0.1340E+02 0.3725E+00 0.3778E+00 0.3837E+00
 0.1342E+02 0.3725E+00 0.3779E+00 0.3838E+00
 0.1344E+02 0.3726E+00 0.3780E+00 0.3838E+00
 0.1346E+02 0.3727E+00 0.3780E+00 0.3839E+00
 0.1348E+02 0.3728E+00 0.3781E+00 0.3839E+00
 0.1350E+02 0.3729E+00 0.3782E+00 0.3840E+00
 0.1352E+02 0.3729E+00 0.3782E+00 0.3840E+00
 0.1354E+02 0.3730E+00 0.3783E+00 0.3841E+00
 0.1356E+02 0.3731E+00 0.3784E+00 0.3842E+00
 0.1358E+02 0.3732E+00 0.3784E+00 0.3842E+00
 0.1360E+02 0.3733E+00 0.3785E+00 0.3843E+00
 0.1362E+02 0.3734E+00 0.3786E+00 0.3843E+00
 0.1364E+02 0.3734E+00 0.3787E+00 0.3844E+00
 0.1366E+02 0.3735E+00 0.3787E+00 0.3845E+00
 0.1368E+02 0.3736E+00 0.3788E+00 0.3845E+00
 0.1370E+02 0.3737E+00 0.3789E+00 0.3846E+00
 0.1372E+02 0.3738E+00 0.3789E+00 0.3846E+00
 0.1374E+02 0.3738E+00 0.3790E+00 0.3847E+00
 0.1376E+02 0.3739E+00 0.3791E+00 0.3847E+00
 0.1378E+02 0.3740E+00 0.3791E+00 0.3848E+00
 0.1380E+02 0.3741E+00 0.3792E+00 0.3849E+00
 0.1382E+02 0.3742E+00 0.3793E+00 0.3849E+00
 0.1384E+02 0.3743E+00 0.3794E+00 0.3850E+00
 0.1386E+02 0.3743E+00 0.3794E+00 0.3850E+00
 0.1388E+02 0.3744E+00 0.3795E+00 0.3851E+00
 0.1390E+02 0.3745E+00 0.3796E+00 0.3852E+00
 0.1392E+02 0.3746E+00 0.3796E+00 0.3852E+00
 0.1394E+02 0.3747E+00 0.3797E+00 0.3853E+00
 0.1396E+02 0.3748E+00 0.3798E+00 0.3853E+00
 0.1398E+02 0.3748E+00 0.3799E+00 0.3854E+00
 0.1400E+02 0.3749E+00 0.3799E+00 0.3855E+00
 0.1402E+02 0.3750E+00 0.3800E+00 0.3855E+00
 0.1404E+02 0.3751E+00 0.3801E+00 0.3856E+00
 0.1406E+02 0.3752E+00 0.3801E+00 0.3857E+00
 0.1408E+02 0.3753E+00 0.3802E+00 0.3857E+00
 0.1410E+02 0.3753E+00 0.3803E+00 0.3858E+00
 0.1412E+02 0.3754E+00 0.3804E+00 0.3858E+00
 0.1414E+02 0.3755E+00 0.3804E+00 0.3859E+00
 0.1416E+02 0.3756E+00 0.3805E+00 0.3860E+00
 0.1418E+02 0.3757E+00 0.3806E+00 0.3860E+00
 0.1420E+02 0.3758E+00 0.3807E+00 0.3861E+00
 0.1422E+02 0.3758E+00 0.3807E+00 0.3861E+00
 0.1424E+02 0.3759E+00 0.3808E+00 0.3862E+00
 0.1426E+02 0.3760E+00 0.3809E+00 0.3863E+00
 0.1428E+02 0.3761E+00 0.3809E+00 0.3863E+00
 0.1430E+02 0.3762E+00 0.3810E+00 0.3864E+00
 0.1432E+02 0.3763E+00 0.3811E+00 0.3865E+00
 0.1434E+02 0.3763E+00 0.3812E+00 0.3865E+00
 0.1436E+02 0.3764E+00 0.3812E+00 0.3866E+00
 0.1438E+02 0.3765E+00 0.3813E+00 0.3866E+00
 0.1440E+02 0.3766E+00 0.3814E+00 0.3867E+00
 0.1442E+02 0.3767E+00 0.3815E+00 0.3868E+00
 0.1444E+02 0.3768E+00 0.3815E+00 0.3868E+00
 0.1446E+02 0.3768E+00 0.3816E+00 0.3869E+00
 0.1448E+02 0.3769E+00 0.3817E+00 0.3870E+00
 0.1450E+02 0.3770E+00 0.3817E+00 0.3870E+00
 0.1452E+02 0.3771E+00 0.3818E+00 0.3871E+00
 0.1454E+02 0.3772E+00 0.3819E+00 0.3871E+00
 0.1456E+02 0.3773E+00 0.3820E+00 0.3872E+00
 0.1458E+02 0.3773E+00 0.3820E+00 0.3873E+00
 0.1460E+02 0.3774E+00 0.3821E+00 0.3873E+00
 0.1462E+02 0.3775E+00 0.3822E+00 0.3874E+00
 0.1464E+02 0.3776E+00 0.3823E+00 0.3875E+00
 0.1466E+02 0.3777E+00 0.3823E+00 0.3875E+00
 0.1468E+02 0.3778E+00 0.3824E+00 0.3876E+00
 0.1470E+02 0.3779E+00 0.3825E+00 0.3877E+00
 0.1472E+02 0.3779E+00 0.3826E+00 0.3877E+00
 0.1474E+02 0.3780E+00 0.3826E+00 0.3878E+00
 0.1476E+02 0.3781E+00 0.3827E+00 0.3879E+00
 0.1478E+02 0.3782E+00 0.3828E+00 0.3879E+00
 0.1480E+02 0.3783E+00 0.3829E+00 0.3880E+00
 0.1482E+02 0.3784E+00 0.3829E+00 0.3880E+00
 0.1484E+02 0.3784E+00 0.3830E+00 0.3881E+00
 0.1486E+02 0.3785E+00 0.3831E+00 0.3882E+00
 0.1488E+02 0.3786E+00 0.3832E+00 0.3882E+00
 0.1490E+02 0.3787E+00 0.3832E+00 0.3883E+00
 0.1492E+02 0.3788E+00 0.3833E+00 0.3884E+00
 0.1494E+02 0.3789E+00 0.3834E+00 0.3884E+00
 0.1496E+02 0.3790E+00 0.3835E+00 0.3885E+00
 0.1498E+02 0.3790E+00 0.3835E+00 0.3886E+00
 0.1500E+02 0.3791E+00 0.3836E+00 0.3886E+00
 0.1502E+02 0.3792E+00 0.3837E+00 0.3887E+00
 0.1504E+02 0.3793E+00 0.3838E+00 0.3888E+00
 0.1506E+02 0.3794E+00 0.3838E+00 0.3888E+00
 0.1508E+02 0.3795E+00 0.3839E+00 0.3889E+00
 0.1510E+02 0.3795E+00 0.3840E+00 0.3890E+00
 0.1512E+02 0.3796E+00 0.3841E+00 0.3890E+00
 0.1514E+02 0.3797E+00 0.3841E+00 0.3891E+00
 0.1516E+02 0.3798E+00 0.3842E+00 0.3892E+00
 0.1518E+02 0.3799E+00 0.3843E+00 0.3892E+00
 0.1520E+02 0.3800E+00 0.3844E+00 0.3893E+00
 0.1522E+02 0.3801E+00 0.3844E+00 0.3894E+00
 0.1524E+02 0.3801E+00 0.3845E+00 0.3894E+00
 0.1526E+02 0.3802E+00 0.3846E+00 0.3895E+00
 0.1528E+02 0.3803E+00 0.3847E+00 0.3896E+00
 0.1530E+02 0.3804E+00 0.3847E+00 0.3896E+00
 0.1532E+02 0.3805E+00 0.3848E+00 0.3897E+00
 0.1534E+02 0.3806E+00 0.3849E+00 0.3898E+00
 0.1536E+02 0.3807E+00 0.3850E+00 0.3898E+00
 0.1538E+02 0.3807E+00 0.3850E+00 0.3899E+00
 0.1540E+02 0.3808E+00 0.3851E+00 0.3900E+00
 0.1542E+02 0.3809E+00 0.3852E+00 0.3900E+00
 0.1544E+02 0.3810E+00 0.3853E+00 0.3901E+00
 0.1546E+02 0.3811E+00 0.3854E+00 0.3902E+00
 0.1548E+02 0.3812E+00 0.3854E+00 0.3902E+00
 0.1550E+02 0.3813E+00 0.3855E+00 0.3903E+00
 0.1552E+02 0.3813E+00 0.3856E+00 0.3904E+00
 0.1554E+02 0.3814E+00 0.3857E+00 0.3904E+00
 0.1556E+02 0.3815E+00 0.3857E+00 0.3905E+00
 0.1558E+02 0.3816E+00 0.3858E+00 0.3906E+00
 0.1560E+02 0.3817E+00 0.3859E+00 0.3906E+00
 0.1562E+02 0.3818E+00 0.3860E+00 0.3907E+00
 0.1564E+02 0.3819E+00 0.3860E+00 0.3908E+00
 0.1566E+02 0.3819E+00 0.3861E+00 0.3908E+00
 0.1568E+02 0.3820E+00 0.3862E+00 0.3909E+00
 0.1570E+02 0.3821E+00 0.3863E+00 0.3910E+00
 0.1572E+02 0.3822E+00 0.3863E+00 0.3910E+00
 0.1574E+02 0.3823E+00 0.3864E+00 0.3911E+00
 0.1576E+02 0.3824E+00 0.3865E+00 0.3912E+00
 0.1578E+02 0.3825E+00 0.3866E+00 0.3912E+00
 0.1580E+02 0.3825E+00 0.3867E+00 0.3913E+00
 0.1582E+02 0.3826E+00 0.3867E+00 0.3914E+00
 0.1584E+02 0.3827E+00 0.3868E+00 0.3914E+00
 0.1586E+02 0.3828E+00 0.3869E+00 0.3915E+00
 0.1588E+02 0.3829E+00 0.3870E+00 0.3916E+00
 0.1590E+02 0.3830E+00 0.3870E+00 0.3916E+00
 0.1592E+02 0.3831E+00 0.3871E+00 0.3917E+00
 0.1594E+02 0.3831E+00 0.3872E+00 0.3918E+00
 0.1596E+02 0.3832E+00 0.3873E+00 0.3919E+00
 0.1598E+02 0.3833E+00 0.3873E+00 0.3919E+00
 0.1600E+02 0.3834E+00 0.3874E+00 0.3920E+00
 0.1602E+02 0.3835E+00 0.3875E+00 0.3921E+00
 0.1604E+02 0.3836E+00 0.3876E+00 0.3921E+00
 0.1606E+02 0.3837E+00 0.3877E+00 0.3922E+00
 0.1608E+02 0.3837E+00 0.3877E+00 0.3923E+00
 0.1610E+02 0.3838E+00 0.3878E+00 0.3923E+00
 0.1612E+02 0.3839E+00 0.3879E+00 0.3924E+00
 0.1614E+02 0.3840E+00 0.3880E+00 0.3925E+00
 0.1616E+02 0.3841E+00 0.3880E+00 0.3925E+00
 0.1618E+02 0.3842E+00 0.3881E+00 0.3926E+00
 0.1620E+02 0.3843E+00 0.3882E+00 0.3927E+00
 0.1622E+02 0.3843E+00 0.3883E+00 0.3927E+00
 0.1624E+02 0.3844E+00 0.3883E+00 0.3928E+00
 0.1626E+02 0.3845E+00 0.3884E+00 0.3929E+00
 0.1628E+02 0.3846E+00 0.3885E+00 0.3930E+00
 0.1630E+02 0.3847E+00 0.3886E+00 0.3930E+00
 0.1632E+02 0.3848E+00 0.3887E+00 0.3931E+00
 0.1634E+02 0.3849E+00 0.3887E+00 0.3932E+00
 0.1636E+02 0.3849E+00 0.3888E+00 0.3932E+00
 0.1638E+02 0.3850E+00 0.3889E+00 0.3933E+00
 0.1640E+02 0.3851E+00 0.3890E+00 0.3934E+00
 0.1642E+02 0.3852E+00 0.3890E+00 0.3934E+00
 0.1644E+02 0.3853E+00 0.3891E+00 0.3935E+00
 0.1646E+02 0.3854E+00 0.3892E+00 0.3936E+00
 0.1648E+02 0.3855E+00 0.3893E+00 0.3936E+00
 0.1650E+02 0.3855E+00 0.3894E+00 0.3937E+00
 0.1652E+02 0.3856E+00 0.3894E+00 0.3938E+00
 0.1654E+02 0.3857E+00 0.3895E+00 0.3939E+00
 0.1656E+02 0.3858E+00 0.3896E+00 0.3939E+00
 0.1658E+02 0.3859E+00 0.3897E+00 0.3940E+00
 0.1660E+02 0.3860E+00 0.3897E+00 0.3941E+00
 0.1662E+02 0.3861E+00 0.3898E+00 0.3941E+00
 0.1664E+02 0.3861E+00 0.3899E+00 0.3942E+00
 0.1666E+02 0.3862E+00 0.3900E+00 0.3943E+00
 0.1668E+02 0.3863E+00 0.3901E+00 0.3943E+00
 0.1670E+02 0.3864E+00 0.3901E+00 0.3944E+00
 0.1672E+02 0.3865E+00 0.3902E+00 0.3945E+00
 0.1674E+02 0.3866E+00 0.3903E+00 0.3946E+00
 0.1676E+02 0.3867E+00 0.3904E+00 0.3946E+00
 0.1678E+02 0.3867E+00 0.3904E+00 0.3947E+00
 0.1680E+02 0.3868E+00 0.3905E+00 0.3948E+00
 0.1682E+02 0.3869E+00 0.3906E+00 0.3948E+00
 0.1684E+02 0.3870E+00 0.3907E+00 0.3949E+00
 0.1686E+02 0.3871E+00 0.3908E+00 0.3950E+00
 0.1688E+02 0.3872E+00 0.3908E+00 0.3950E+00
 0.1690E+02 0.3873E+00 0.3909E+00 0.3951E+00
 0.1692E+02 0.3873E+00 0.3910E+00 0.3952E+00
 0.1694E+02 0.3874E+00 0.3911E+00 0.3953E+00
 0.1696E+02 0.3875E+00 0.3911E+00 0.3953E+00
 0.1698E+02 0.3876E+00 0.3912E+00 0.3954E+00
 0.1700E+02 0.3877E+00 0.3913E+00 0.3955E+00
 0.1702E+02 0.3878E+00 0.3914E+00 0.3955E+00
 0.1704E+02 0.3879E+00 0.3915E+00 0.3956E+00
 0.1706E+02 0.3879E+00 0.3915E+00 0.3957E+00
 0.1708E+02 0.3880E+00 0.3916E+00 0.3958E+00
 0.1710E+02 0.3881E+00 0.3917E+00 0.3958E+00
 0.1712E+02 0.3882E+00 0.3918E+00 0.3959E+00
 0.1714E+02 0.3883E+00 0.3918E+00 0.3960E+00
 0.1716E+02 0.3884E+00 0.3919E+00 0.3960E+00
 0.1718E+02 0.3885E+00 0.3920E+00 0.3961E+00
 0.1720E+02 0.3885E+00 0.3921E+00 0.3962E+00
 0.1722E+02 0.3886E+00 0.3922E+00 0.3962E+00
 0.1724E+02 0.3887E+00 0.3922E+00 0.3963E+00
 0.1726E+02 0.3888E+00 0.3923E+00 0.3964E+00
 0.1728E+02 0.3889E+00 0.3924E+00 0.3965E+00
 0.1730E+02 0.3890E+00 0.3925E+00 0.3965E+00
 0.1732E+02 0.3891E+00 0.3926E+00 0.3966E+00
 0.1734E+02 0.3891E+00 0.3926E+00 0.3967E+00
 0.1736E+02 0.3892E+00 0.3927E+00 0.3967E+00
 0.1738E+02 0.3893E+00 0.3928E+00 0.3968E+00
 0.1740E+02 0.3894E+00 0.3929E+00 0.3969E+00
 0.1742E+02 0.3895E+00 0.3929E+00 0.3970E+00
 0.1744E+02 0.3896E+00 0.3930E+00 0.3970E+00
 0.1746E+02 0.3896E+00 0.3931E+00 0.3971E+00
 0.1748E+02 0.3897E+00 0.3932E+00 0.3972E+00
 0.1750E+02 0.3898E+00 0.3933E+00 0.3972E+00
 0.1752E+02 0.3899E+00 0.3933E+00 0.3973E+00
 0.1754E+02 0.3900E+00 0.3934E+00 0.3974E+00
 0.1756E+02 0.3901E+00 0.3935E+00 0.3975E+00
 0.1758E+02 0.3902E+00 0.3936E+00 0.3975E+00
 0.1760E+02 0.3902E+00 0.3936E+00 0.3976E+00
 0.1762E+02 0.3903E+00 0.3937E+00 0.3977E+00
 0.1764E+02 0.3904E+00 0.3938E+00 0.3977E+00
 0.1766E+02 0.3905E+00 0.3939E+00 0.3978E+00
 0.1768E+02 0.3906E+00 0.3940E+00 0.3979E+00
 0.1770E+02 0.3907E+00 0.3940E+00 0.3979E+00
 0.1772E+02 0.3908E+00 0.3941E+00 0.3980E+00
 0.1774E+02 0.3908E+00 0.3942E+00 0.3981E+00
 0.1776E+02 0.3909E+00 0.3943E+00 0.3982E+00
 0.1778E+02 0.3910E+00 0.3943E+00 0.3982E+00
 0.1780E+02 0.3911E+00 0.3944E+00 0.3983E+00
 0.1782E+02 0.3912E+00 0.3945E+00 0.3984E+00
 0.1784E+02 0.3913E+00 0.3946E+00 0.3984E+00
 0.1786E+02 0.3914E+00 0.3947E+00 0.3985E+00
 0.1788E+02 0.3914E+00 0.3947E+00 0.3986E+00
 0.1790E+02 0.3915E+00 0.3948E+00 0.3987E+00
 0.1792E+02 0.3916E+00 0.3949E+00 0.3987E+00
 0.1794E+02 0.3917E+00 0.3950E+00 0.3988E+00
 0.1796E+02 0.3918E+00 0.3951E+00 0.3989E+00
 0.1798E+02 0.3919E+00 0.3951E+00 0.3989E+00
 0.1800E+02 0.3919E+00 0.3952E+00 0.3990E+00
 0.1802E+02 0.3920E+00 0.3953E+00 0.3991E+00
 0.1804E+02 0.3921E+00 0.3954E+00 0.3992E+00
 0.1806E+02 0.3922E+00 0.3954E+00 0.3992E+00
 0.1808E+02 0.3923E+00 0.3955E+00 0.3993E+00
 0.1810E+02 0.3924E+00 0.3956E+00 0.3994E+00
 0.1812E+02 0.3925E+00 0.3957E+00 0.3994E+00
 0.1814E+02 0.3925E+00 0.3958E+00 0.3995E+00
 0.1816E+02 0.3926E+00 0.3958E+00 0.3996E+00
 0.1818E+02 0.3927E+00 0.3959E+00 0.3997E+00
 0.1820E+02 0.3928E+00 0.3960E+00 0.3997E+00
 0.1822E+02 0.3929E+00 0.3961E+00 0.3998E+00
 0.1824E+02 0.3930E+00 0.3961E+00 0.3999E+00
 0.1826E+02 0.3930E+00 0.3962E+00 0.3999E+00
 0.1828E+02 0.3931E+00 0.3963E+00 0.4000E+00
 0.1830E+02 0.3932E+00 0.3964E+00 0.4001E+00
 0.1832E+02 0.3933E+00 0.3965E+00 0.4002E+00
 0.1834E+02 0.3934E+00 0.3965E+00 0.4002E+00
 0.1836E+02 0.3935E+00 0.3966E+00 0.4003E+00
 0.1838E+02 0.3936E+00 0.3967E+00 0.4004E+00
 0.1840E+02 0.3936E+00 0.3968E+00 0.4004E+00
 0.1842E+02 0.3937E+00 0.3968E+00 0.4005E+00
 0.1844E+02 0.3938E+00 0.3969E+00 0.4006E+00
 0.1846E+02 0.3939E+00 0.3970E+00 0.4007E+00
 0.1848E+02 0.3940E+00 0.3971E+00 0.4007E+00
 0.1850E+02 0.3941E+00 0.3972E+00 0.4008E+00
 0.1852E+02 0.3941E+00 0.3972E+00 0.4009E+00
 0.1854E+02 0.3942E+00 0.3973E+00 0.4009E+00
 0.1856E+02 0.3943E+00 0.3974E+00 0.4010E+00
 0.1858E+02 0.3944E+00 0.3975E+00 0.4011E+00
 0.1860E+02 0.3945E+00 0.3975E+00 0.4012E+00
 0.1862E+02 0.3946E+00 0.3976E+00 0.4012E+00
 0.1864E+02 0.3946E+00 0.3977E+00 0.4013E+00
 0.1866E+02 0.3947E+00 0.3978E+00 0.4014E+00
 0.1868E+02 0.3948E+00 0.3979E+00 0.4014E+00
 0.1870E+02 0.3949E+00 0.3979E+00 0.4015E+00
 0.1872E+02 0.3950E+00 0.3980E+00 0.4016E+00
 0.1874E+02 0.3951E+00 0.3981E+00 0.4017E+00
 0.1876E+02 0.3952E+00 0.3982E+00 0.4017E+00
 0.1878E+02 0.3952E+00 0.3982E+00 0.4018E+00
 0.1880E+02 0.3953E+00 0.3983E+00 0.4019E+00
 0.1882E+02 0.3954E+00 0.3984E+00 0.4019E+00
 0.1884E+02 0.3955E+00 0.3985E+00 0.4020E+00
 0.1886E+02 0.3956E+00 0.3986E+00 0.4021E+00
 0.1888E+02 0.3957E+00 0.3986E+00 0.4022E+00
 0.1890E+02 0.3957E+00 0.3987E+00 0.4022E+00
 0.1892E+02 0.3958E+00 0.3988E+00 0.4023E+00
 0.1894E+02 0.3959E+00 0.3989E+00 0.4024E+00
 0.1896E+02 0.3960E+00 0.3989E+00 0.4024E+00
 0.1898E+02 0.3961E+00 0.3990E+00 0.4025E+00
 0.1900E+02 0.3962E+00 0.3991E+00 0.4026E+00
 0.1902E+02 0.3962E+00 0.3992E+00 0.4027E+00
 0.1904E+02 0.3963E+00 0.3993E+00 0.4027E+00
 0.1906E+02 0.3964E+00 0.3993E+00 0.4028E+00
 0.1908E+02 0.3965E+00 0.3994E+00 0.4029E+00
 0.1910E+02 0.3966E+00 0.3995E+00 0.4030E+00
 0.1912E+02 0.3967E+00 0.3996E+00 0.4030E+00
 0.1914E+02 0.3967E+00 0.3996E+00 0.4031E+00
 0.1916E+02 0.3968E+00 0.3997E+00 0.4032E+00
 0.1918E+02 0.3969E+00 0.3998E+00 0.4032E+00
 0.1920E+02 0.3970E+00 0.3999E+00 0.4033E+00
 0.1922E+02 0.3971E+00 0.3999E+00 0.4034E+00
 0.1924E+02 0.3972E+00 0.4000E+00 0.4035E+00
 0.1926E+02 0.3972E+00 0.4001E+00 0.4035E+00
 0.1928E+02 0.3973E+00 0.4002E+00 0.4036E+00
 0.1930E+02 0.3974E+00 0.4003E+00 0.4037E+00
 0.1932E+02 0.3975E+00 0.4003E+00 0.4037E+00
 0.1934E+02 0.3976E+00 0.4004E+00 0.4038E+00
 0.1936E+02 0.3977E+00 0.4005E+00 0.4039E+00
 0.1938E+02 0.3977E+00 0.4006E+00 0.4039E+00
 0.1940E+02 0.3978E+00 0.4006E+00 0.4040E+00
 0.1942E+02 0.3979E+00 0.4007E+00 0.4041E+00
 0.1944E+02 0.3980E+00 0.4008E+00 0.4042E+00
 0.1946E+02 0.3981E+00 0.4009E+00 0.4042E+00
 0.1948E+02 0.3981E+00 0.4009E+00 0.4043E+00
 0.1950E+02 0.3982E+00 0.4010E+00 0.4044E+00
 0.1952E+02 0.3983E+00 0.4011E+00 0.4044E+00
 0.1954E+02 0.3984E+00 0.4012E+00 0.4045E+00
 0.1956E+02 0.3985E+00 0.4013E+00 0.4046E+00
 0.1958E+02 0.3986E+00 0.4013E+00 0.4047E+00
 0.1960E+02 0.3986E+00 0.4014E+00 0.4047E+00
 0.1962E+02 0.3987E+00 0.4015E+00 0.4048E+00
 0.1964E+02 0.3988E+00 0.4016E+00 0.4049E+00
 0.1966E+02 0.3989E+00 0.4016E+00 0.4049E+00
 0.1968E+02 0.3990E+00 0.4017E+00 0.4050E+00
 0.1970E+02 0.3991E+00 0.4018E+00 0.4051E+00
 0.1972E+02 0.3991E+00 0.4019E+00 0.4052E+00
 0.1974E+02 0.3992E+00 0.4019E+00 0.4052E+00
 0.1976E+02 0.3993E+00 0.4020E+00 0.4053E+00
 0.1978E+02 0.3994E+00 0.4021E+00 0.4054E+00
 0.1980E+02 0.3995E+00 0.4022E+00 0.4054E+00
 0.1982E+02 0.3995E+00 0.4023E+00 0.4055E+00
 0.1984E+02 0.3996E+00 0.4023E+00 0.4056E+00
 0.1986E+02 0.3997E+00 0.4024E+00 0.4057E+00
 0.1988E+02 0.3998E+00 0.4025E+00 0.4057E+00
 0.1990E+02 0.3999E+00 0.4026E+00 0.4058E+00
 0.1992E+02 0.4000E+00 0.4026E+00 0.4059E+00
 0.1994E+02 0.4000E+00 0.4027E+00 0.4059E+00
 0.1996E+02 0.4001E+00 0.4028E+00 0.4060E+00
 0.1998E+02 0.4002E+00 0.4029E+00 0.4061E+00
 0.2000E+02 0.4003E+00 0.4029E+00 0.4062E+00

   sin2theta = 0.9120E+00  dm2 = 0.1000E-06


