         SMA survival probabilities

Figure 1 of hep-ph/0002293
by J. N. Bahcall, P. I. Krastev, and A. Yu. Smirnov.

The first column is the neutrino energy in MeV.
The second through fourth columns are the survival
probabilities for the daytime only, the average of
day plus night, and the night only, respectively.

     E         Day     Day + Night   Night
   (MeV)
 
 0.1000E+00 0.9947E+00 0.9940E+00 0.9947E+00
 0.1200E+00 0.9941E+00 0.9934E+00 0.9941E+00
 0.1400E+00 0.9934E+00 0.9927E+00 0.9934E+00
 0.1600E+00 0.9923E+00 0.9916E+00 0.9923E+00
 0.1800E+00 0.9909E+00 0.9902E+00 0.9909E+00
 0.2000E+00 0.9890E+00 0.9883E+00 0.9889E+00
 0.2200E+00 0.9860E+00 0.9853E+00 0.9860E+00
 0.2400E+00 0.9813E+00 0.9806E+00 0.9813E+00
 0.2600E+00 0.9731E+00 0.9724E+00 0.9731E+00
 0.2800E+00 0.9572E+00 0.9565E+00 0.9572E+00
 0.3000E+00 0.9187E+00 0.9180E+00 0.9186E+00
 0.3200E+00 0.8226E+00 0.8220E+00 0.8225E+00
 0.3400E+00 0.6550E+00 0.6545E+00 0.6549E+00
 0.3600E+00 0.4773E+00 0.4769E+00 0.4773E+00
 0.3800E+00 0.3306E+00 0.3304E+00 0.3306E+00
 0.4000E+00 0.2250E+00 0.2248E+00 0.2250E+00
 0.4200E+00 0.1523E+00 0.1522E+00 0.1523E+00
 0.4400E+00 0.1035E+00 0.1035E+00 0.1036E+00
 0.4600E+00 0.7132E-01 0.7130E-01 0.7138E-01
 0.4800E+00 0.4995E-01 0.4995E-01 0.5002E-01
 0.5000E+00 0.3575E-01 0.3576E-01 0.3582E-01
 0.5200E+00 0.2616E-01 0.2619E-01 0.2624E-01
 0.5400E+00 0.1968E-01 0.1970E-01 0.1976E-01
 0.5600E+00 0.1517E-01 0.1521E-01 0.1526E-01
 0.5800E+00 0.1203E-01 0.1207E-01 0.1212E-01
 0.6000E+00 0.9778E-02 0.9821E-02 0.9878E-02
 0.6200E+00 0.8148E-02 0.8193E-02 0.8250E-02
 0.6400E+00 0.6948E-02 0.6996E-02 0.7053E-02
 0.6600E+00 0.6042E-02 0.6092E-02 0.6152E-02
 0.6800E+00 0.5354E-02 0.5408E-02 0.5469E-02
 0.7000E+00 0.4817E-02 0.4874E-02 0.4938E-02
 0.7200E+00 0.4394E-02 0.4454E-02 0.4521E-02
 0.7400E+00 0.4057E-02 0.4120E-02 0.4188E-02
 0.7600E+00 0.3782E-02 0.3847E-02 0.3917E-02
 0.7800E+00 0.3557E-02 0.3623E-02 0.3695E-02
 0.8000E+00 0.3370E-02 0.3438E-02 0.3512E-02
 0.8200E+00 0.3212E-02 0.3283E-02 0.3359E-02
 0.8400E+00 0.3079E-02 0.3153E-02 0.3231E-02
 0.8600E+00 0.2965E-02 0.3041E-02 0.3122E-02
 0.8800E+00 0.2867E-02 0.2945E-02 0.3027E-02
 0.9000E+00 0.2782E-02 0.2861E-02 0.2945E-02
 0.9200E+00 0.2708E-02 0.2789E-02 0.2874E-02
 0.9400E+00 0.2644E-02 0.2726E-02 0.2813E-02
 0.9600E+00 0.2588E-02 0.2672E-02 0.2761E-02
 0.9800E+00 0.2539E-02 0.2626E-02 0.2717E-02
 0.1000E+01 0.2497E-02 0.2587E-02 0.2681E-02
 0.1020E+01 0.2461E-02 0.2554E-02 0.2651E-02
 0.1040E+01 0.2430E-02 0.2527E-02 0.2627E-02
 0.1060E+01 0.2406E-02 0.2505E-02 0.2608E-02
 0.1080E+01 0.2386E-02 0.2488E-02 0.2594E-02
 0.1100E+01 0.2371E-02 0.2476E-02 0.2584E-02
 0.1120E+01 0.2362E-02 0.2468E-02 0.2578E-02
 0.1140E+01 0.2358E-02 0.2465E-02 0.2576E-02
 0.1160E+01 0.2358E-02 0.2467E-02 0.2579E-02
 0.1180E+01 0.2364E-02 0.2474E-02 0.2588E-02
 0.1200E+01 0.2374E-02 0.2487E-02 0.2603E-02
 0.1220E+01 0.2392E-02 0.2507E-02 0.2625E-02
 0.1240E+01 0.2416E-02 0.2534E-02 0.2655E-02
 0.1260E+01 0.2449E-02 0.2570E-02 0.2694E-02
 0.1280E+01 0.2491E-02 0.2615E-02 0.2743E-02
 0.1300E+01 0.2541E-02 0.2669E-02 0.2800E-02
 0.1320E+01 0.2599E-02 0.2730E-02 0.2864E-02
 0.1340E+01 0.2663E-02 0.2797E-02 0.2934E-02
 0.1360E+01 0.2732E-02 0.2869E-02 0.3009E-02
 0.1380E+01 0.2807E-02 0.2946E-02 0.3088E-02
 0.1400E+01 0.2889E-02 0.3029E-02 0.3173E-02
 0.1420E+01 0.2979E-02 0.3120E-02 0.3266E-02
 0.1440E+01 0.3079E-02 0.3222E-02 0.3369E-02
 0.1460E+01 0.3192E-02 0.3336E-02 0.3485E-02
 0.1480E+01 0.3319E-02 0.3465E-02 0.3616E-02
 0.1500E+01 0.3460E-02 0.3609E-02 0.3763E-02
 0.1520E+01 0.3615E-02 0.3767E-02 0.3923E-02
 0.1540E+01 0.3783E-02 0.3937E-02 0.4097E-02
 0.1560E+01 0.3962E-02 0.4120E-02 0.4283E-02
 0.1580E+01 0.4153E-02 0.4313E-02 0.4480E-02
 0.1600E+01 0.4353E-02 0.4516E-02 0.4686E-02
 0.1620E+01 0.4564E-02 0.4730E-02 0.4902E-02
 0.1640E+01 0.4785E-02 0.4953E-02 0.5129E-02
 0.1660E+01 0.5017E-02 0.5188E-02 0.5365E-02
 0.1680E+01 0.5262E-02 0.5434E-02 0.5613E-02
 0.1700E+01 0.5518E-02 0.5691E-02 0.5873E-02
 0.1720E+01 0.5787E-02 0.5961E-02 0.6144E-02
 0.1740E+01 0.6070E-02 0.6244E-02 0.6428E-02
 0.1760E+01 0.6366E-02 0.6541E-02 0.6725E-02
 0.1780E+01 0.6676E-02 0.6851E-02 0.7036E-02
 0.1800E+01 0.7001E-02 0.7177E-02 0.7362E-02
 0.1820E+01 0.7342E-02 0.7517E-02 0.7703E-02
 0.1840E+01 0.7698E-02 0.7874E-02 0.8061E-02
 0.1860E+01 0.8070E-02 0.8247E-02 0.8436E-02
 0.1880E+01 0.8460E-02 0.8638E-02 0.8828E-02
 0.1900E+01 0.8867E-02 0.9047E-02 0.9240E-02
 0.1920E+01 0.9292E-02 0.9474E-02 0.9670E-02
 0.1940E+01 0.9736E-02 0.9921E-02 0.1012E-01
 0.1960E+01 0.1020E-01 0.1039E-01 0.1059E-01
 0.1980E+01 0.1068E-01 0.1088E-01 0.1108E-01
 0.2000E+01 0.1119E-01 0.1139E-01 0.1160E-01
 0.2020E+01 0.1171E-01 0.1191E-01 0.1214E-01
 0.2040E+01 0.1225E-01 0.1246E-01 0.1269E-01
 0.2060E+01 0.1280E-01 0.1302E-01 0.1325E-01
 0.2080E+01 0.1335E-01 0.1358E-01 0.1383E-01
 0.2100E+01 0.1391E-01 0.1415E-01 0.1440E-01
 0.2120E+01 0.1447E-01 0.1471E-01 0.1497E-01
 0.2140E+01 0.1502E-01 0.1526E-01 0.1553E-01
 0.2160E+01 0.1555E-01 0.1580E-01 0.1607E-01
 0.2180E+01 0.1608E-01 0.1633E-01 0.1660E-01
 0.2200E+01 0.1660E-01 0.1685E-01 0.1713E-01
 0.2220E+01 0.1713E-01 0.1738E-01 0.1765E-01
 0.2240E+01 0.1767E-01 0.1792E-01 0.1819E-01
 0.2260E+01 0.1823E-01 0.1848E-01 0.1875E-01
 0.2280E+01 0.1882E-01 0.1906E-01 0.1934E-01
 0.2300E+01 0.1945E-01 0.1969E-01 0.1996E-01
 0.2320E+01 0.2013E-01 0.2037E-01 0.2064E-01
 0.2340E+01 0.2086E-01 0.2110E-01 0.2137E-01
 0.2360E+01 0.2164E-01 0.2188E-01 0.2215E-01
 0.2380E+01 0.2247E-01 0.2271E-01 0.2298E-01
 0.2400E+01 0.2333E-01 0.2356E-01 0.2383E-01
 0.2420E+01 0.2421E-01 0.2444E-01 0.2471E-01
 0.2440E+01 0.2510E-01 0.2534E-01 0.2561E-01
 0.2460E+01 0.2600E-01 0.2624E-01 0.2651E-01
 0.2480E+01 0.2690E-01 0.2713E-01 0.2740E-01
 0.2500E+01 0.2778E-01 0.2801E-01 0.2828E-01
 0.2520E+01 0.2863E-01 0.2886E-01 0.2913E-01
 0.2540E+01 0.2946E-01 0.2969E-01 0.2995E-01
 0.2560E+01 0.3027E-01 0.3049E-01 0.3075E-01
 0.2580E+01 0.3106E-01 0.3128E-01 0.3154E-01
 0.2600E+01 0.3185E-01 0.3207E-01 0.3233E-01
 0.2620E+01 0.3263E-01 0.3285E-01 0.3312E-01
 0.2640E+01 0.3342E-01 0.3364E-01 0.3391E-01
 0.2660E+01 0.3423E-01 0.3445E-01 0.3472E-01
 0.2680E+01 0.3506E-01 0.3528E-01 0.3556E-01
 0.2700E+01 0.3591E-01 0.3615E-01 0.3643E-01
 0.2720E+01 0.3680E-01 0.3704E-01 0.3734E-01
 0.2740E+01 0.3773E-01 0.3798E-01 0.3829E-01
 0.2760E+01 0.3869E-01 0.3895E-01 0.3927E-01
 0.2780E+01 0.3967E-01 0.3995E-01 0.4029E-01
 0.2800E+01 0.4068E-01 0.4098E-01 0.4133E-01
 0.2820E+01 0.4171E-01 0.4202E-01 0.4239E-01
 0.2840E+01 0.4275E-01 0.4307E-01 0.4346E-01
 0.2860E+01 0.4380E-01 0.4414E-01 0.4454E-01
 0.2880E+01 0.4486E-01 0.4521E-01 0.4562E-01
 0.2900E+01 0.4592E-01 0.4627E-01 0.4670E-01
 0.2920E+01 0.4697E-01 0.4733E-01 0.4776E-01
 0.2940E+01 0.4802E-01 0.4838E-01 0.4881E-01
 0.2960E+01 0.4906E-01 0.4942E-01 0.4985E-01
 0.2980E+01 0.5009E-01 0.5044E-01 0.5086E-01
 0.3000E+01 0.5111E-01 0.5145E-01 0.5187E-01
 0.3020E+01 0.5212E-01 0.5246E-01 0.5286E-01
 0.3040E+01 0.5313E-01 0.5345E-01 0.5385E-01
 0.3060E+01 0.5413E-01 0.5444E-01 0.5483E-01
 0.3080E+01 0.5512E-01 0.5543E-01 0.5581E-01
 0.3100E+01 0.5612E-01 0.5641E-01 0.5678E-01
 0.3120E+01 0.5711E-01 0.5739E-01 0.5775E-01
 0.3140E+01 0.5809E-01 0.5837E-01 0.5873E-01
 0.3160E+01 0.5908E-01 0.5935E-01 0.5970E-01
 0.3180E+01 0.6006E-01 0.6033E-01 0.6069E-01
 0.3200E+01 0.6105E-01 0.6132E-01 0.6168E-01
 0.3220E+01 0.6204E-01 0.6232E-01 0.6269E-01
 0.3240E+01 0.6304E-01 0.6333E-01 0.6370E-01
 0.3260E+01 0.6406E-01 0.6435E-01 0.6474E-01
 0.3280E+01 0.6509E-01 0.6539E-01 0.6579E-01
 0.3300E+01 0.6613E-01 0.6645E-01 0.6686E-01
 0.3320E+01 0.6720E-01 0.6753E-01 0.6795E-01
 0.3340E+01 0.6830E-01 0.6864E-01 0.6907E-01
 0.3360E+01 0.6942E-01 0.6977E-01 0.7022E-01
 0.3380E+01 0.7057E-01 0.7093E-01 0.7139E-01
 0.3400E+01 0.7176E-01 0.7213E-01 0.7260E-01
 0.3420E+01 0.7299E-01 0.7336E-01 0.7384E-01
 0.3440E+01 0.7425E-01 0.7463E-01 0.7511E-01
 0.3460E+01 0.7555E-01 0.7593E-01 0.7641E-01
 0.3480E+01 0.7688E-01 0.7725E-01 0.7774E-01
 0.3500E+01 0.7823E-01 0.7860E-01 0.7908E-01
 0.3520E+01 0.7959E-01 0.7996E-01 0.8044E-01
 0.3540E+01 0.8097E-01 0.8133E-01 0.8181E-01
 0.3560E+01 0.8235E-01 0.8270E-01 0.8318E-01
 0.3580E+01 0.8372E-01 0.8408E-01 0.8455E-01
 0.3600E+01 0.8510E-01 0.8544E-01 0.8591E-01
 0.3620E+01 0.8646E-01 0.8679E-01 0.8725E-01
 0.3640E+01 0.8780E-01 0.8813E-01 0.8858E-01
 0.3660E+01 0.8912E-01 0.8944E-01 0.8989E-01
 0.3680E+01 0.9041E-01 0.9072E-01 0.9116E-01
 0.3700E+01 0.9166E-01 0.9197E-01 0.9241E-01
 0.3720E+01 0.9288E-01 0.9318E-01 0.9362E-01
 0.3740E+01 0.9407E-01 0.9437E-01 0.9480E-01
 0.3760E+01 0.9524E-01 0.9553E-01 0.9595E-01
 0.3780E+01 0.9637E-01 0.9666E-01 0.9708E-01
 0.3800E+01 0.9749E-01 0.9777E-01 0.9819E-01
 0.3820E+01 0.9859E-01 0.9887E-01 0.9929E-01
 0.3840E+01 0.9968E-01 0.9995E-01 0.1004E+00
 0.3860E+01 0.1008E+00 0.1010E+00 0.1014E+00
 0.3880E+01 0.1018E+00 0.1021E+00 0.1025E+00
 0.3900E+01 0.1029E+00 0.1032E+00 0.1036E+00
 0.3920E+01 0.1040E+00 0.1042E+00 0.1046E+00
 0.3940E+01 0.1050E+00 0.1053E+00 0.1057E+00
 0.3960E+01 0.1061E+00 0.1064E+00 0.1068E+00
 0.3980E+01 0.1072E+00 0.1075E+00 0.1079E+00
 0.4000E+01 0.1083E+00 0.1086E+00 0.1090E+00
 0.4020E+01 0.1094E+00 0.1097E+00 0.1101E+00
 0.4040E+01 0.1106E+00 0.1108E+00 0.1113E+00
 0.4060E+01 0.1117E+00 0.1120E+00 0.1124E+00
 0.4080E+01 0.1129E+00 0.1131E+00 0.1136E+00
 0.4100E+01 0.1140E+00 0.1143E+00 0.1148E+00
 0.4120E+01 0.1152E+00 0.1155E+00 0.1159E+00
 0.4140E+01 0.1164E+00 0.1167E+00 0.1171E+00
 0.4160E+01 0.1176E+00 0.1179E+00 0.1184E+00
 0.4180E+01 0.1188E+00 0.1191E+00 0.1196E+00
 0.4200E+01 0.1200E+00 0.1203E+00 0.1208E+00
 0.4220E+01 0.1212E+00 0.1215E+00 0.1220E+00
 0.4240E+01 0.1224E+00 0.1228E+00 0.1233E+00
 0.4260E+01 0.1236E+00 0.1240E+00 0.1245E+00
 0.4280E+01 0.1248E+00 0.1252E+00 0.1258E+00
 0.4300E+01 0.1260E+00 0.1265E+00 0.1271E+00
 0.4320E+01 0.1272E+00 0.1277E+00 0.1283E+00
 0.4340E+01 0.1284E+00 0.1289E+00 0.1296E+00
 0.4360E+01 0.1296E+00 0.1302E+00 0.1309E+00
 0.4380E+01 0.1308E+00 0.1314E+00 0.1322E+00
 0.4400E+01 0.1321E+00 0.1327E+00 0.1335E+00
 0.4420E+01 0.1333E+00 0.1339E+00 0.1348E+00
 0.4440E+01 0.1345E+00 0.1352E+00 0.1361E+00
 0.4460E+01 0.1357E+00 0.1364E+00 0.1374E+00
 0.4480E+01 0.1369E+00 0.1377E+00 0.1387E+00
 0.4500E+01 0.1381E+00 0.1390E+00 0.1400E+00
 0.4520E+01 0.1393E+00 0.1402E+00 0.1413E+00
 0.4540E+01 0.1406E+00 0.1415E+00 0.1426E+00
 0.4560E+01 0.1418E+00 0.1428E+00 0.1440E+00
 0.4580E+01 0.1430E+00 0.1441E+00 0.1453E+00
 0.4600E+01 0.1443E+00 0.1453E+00 0.1466E+00
 0.4620E+01 0.1455E+00 0.1466E+00 0.1480E+00
 0.4640E+01 0.1468E+00 0.1479E+00 0.1493E+00
 0.4660E+01 0.1480E+00 0.1492E+00 0.1506E+00
 0.4680E+01 0.1493E+00 0.1505E+00 0.1520E+00
 0.4700E+01 0.1506E+00 0.1519E+00 0.1534E+00
 0.4720E+01 0.1519E+00 0.1532E+00 0.1547E+00
 0.4740E+01 0.1531E+00 0.1545E+00 0.1560E+00
 0.4760E+01 0.1544E+00 0.1558E+00 0.1574E+00
 0.4780E+01 0.1557E+00 0.1571E+00 0.1587E+00
 0.4800E+01 0.1570E+00 0.1584E+00 0.1601E+00
 0.4820E+01 0.1583E+00 0.1597E+00 0.1614E+00
 0.4840E+01 0.1595E+00 0.1610E+00 0.1627E+00
 0.4860E+01 0.1608E+00 0.1623E+00 0.1640E+00
 0.4880E+01 0.1621E+00 0.1636E+00 0.1653E+00
 0.4900E+01 0.1633E+00 0.1649E+00 0.1666E+00
 0.4920E+01 0.1646E+00 0.1661E+00 0.1679E+00
 0.4940E+01 0.1658E+00 0.1674E+00 0.1691E+00
 0.4960E+01 0.1670E+00 0.1686E+00 0.1704E+00
 0.4980E+01 0.1682E+00 0.1698E+00 0.1716E+00
 0.5000E+01 0.1694E+00 0.1710E+00 0.1728E+00
 0.5020E+01 0.1706E+00 0.1722E+00 0.1740E+00
 0.5040E+01 0.1718E+00 0.1733E+00 0.1751E+00
 0.5060E+01 0.1729E+00 0.1745E+00 0.1762E+00
 0.5080E+01 0.1741E+00 0.1756E+00 0.1774E+00
 0.5100E+01 0.1752E+00 0.1767E+00 0.1785E+00
 0.5120E+01 0.1763E+00 0.1778E+00 0.1795E+00
 0.5140E+01 0.1774E+00 0.1789E+00 0.1806E+00
 0.5160E+01 0.1785E+00 0.1800E+00 0.1817E+00
 0.5180E+01 0.1796E+00 0.1810E+00 0.1827E+00
 0.5200E+01 0.1807E+00 0.1821E+00 0.1838E+00
 0.5220E+01 0.1817E+00 0.1831E+00 0.1848E+00
 0.5240E+01 0.1828E+00 0.1842E+00 0.1858E+00
 0.5260E+01 0.1839E+00 0.1853E+00 0.1869E+00
 0.5280E+01 0.1850E+00 0.1863E+00 0.1879E+00
 0.5300E+01 0.1861E+00 0.1874E+00 0.1889E+00
 0.5320E+01 0.1871E+00 0.1884E+00 0.1900E+00
 0.5340E+01 0.1882E+00 0.1895E+00 0.1910E+00
 0.5360E+01 0.1893E+00 0.1906E+00 0.1921E+00
 0.5380E+01 0.1904E+00 0.1916E+00 0.1931E+00
 0.5400E+01 0.1915E+00 0.1927E+00 0.1942E+00
 0.5420E+01 0.1927E+00 0.1938E+00 0.1953E+00
 0.5440E+01 0.1938E+00 0.1949E+00 0.1964E+00
 0.5460E+01 0.1949E+00 0.1961E+00 0.1975E+00
 0.5480E+01 0.1961E+00 0.1972E+00 0.1986E+00
 0.5500E+01 0.1973E+00 0.1983E+00 0.1997E+00
 0.5520E+01 0.1984E+00 0.1995E+00 0.2008E+00
 0.5540E+01 0.1996E+00 0.2007E+00 0.2020E+00
 0.5560E+01 0.2008E+00 0.2018E+00 0.2031E+00
 0.5580E+01 0.2020E+00 0.2030E+00 0.2043E+00
 0.5600E+01 0.2032E+00 0.2042E+00 0.2054E+00
 0.5620E+01 0.2043E+00 0.2053E+00 0.2066E+00
 0.5640E+01 0.2055E+00 0.2065E+00 0.2078E+00
 0.5660E+01 0.2067E+00 0.2077E+00 0.2089E+00
 0.5680E+01 0.2079E+00 0.2089E+00 0.2101E+00
 0.5700E+01 0.2091E+00 0.2100E+00 0.2113E+00
 0.5720E+01 0.2103E+00 0.2112E+00 0.2124E+00
 0.5740E+01 0.2115E+00 0.2124E+00 0.2136E+00
 0.5760E+01 0.2126E+00 0.2136E+00 0.2148E+00
 0.5780E+01 0.2138E+00 0.2147E+00 0.2159E+00
 0.5800E+01 0.2150E+00 0.2159E+00 0.2171E+00
 0.5820E+01 0.2161E+00 0.2170E+00 0.2182E+00
 0.5840E+01 0.2172E+00 0.2181E+00 0.2194E+00
 0.5860E+01 0.2184E+00 0.2193E+00 0.2205E+00
 0.5880E+01 0.2195E+00 0.2204E+00 0.2216E+00
 0.5900E+01 0.2206E+00 0.2215E+00 0.2227E+00
 0.5920E+01 0.2217E+00 0.2226E+00 0.2238E+00
 0.5940E+01 0.2228E+00 0.2237E+00 0.2249E+00
 0.5960E+01 0.2239E+00 0.2248E+00 0.2260E+00
 0.5980E+01 0.2249E+00 0.2259E+00 0.2271E+00
 0.6000E+01 0.2260E+00 0.2269E+00 0.2282E+00
 0.6020E+01 0.2271E+00 0.2280E+00 0.2293E+00
 0.6040E+01 0.2281E+00 0.2291E+00 0.2304E+00
 0.6060E+01 0.2292E+00 0.2301E+00 0.2314E+00
 0.6080E+01 0.2302E+00 0.2312E+00 0.2325E+00
 0.6100E+01 0.2313E+00 0.2322E+00 0.2336E+00
 0.6120E+01 0.2323E+00 0.2333E+00 0.2346E+00
 0.6140E+01 0.2333E+00 0.2343E+00 0.2357E+00
 0.6160E+01 0.2344E+00 0.2354E+00 0.2368E+00
 0.6180E+01 0.2354E+00 0.2364E+00 0.2378E+00
 0.6200E+01 0.2364E+00 0.2375E+00 0.2389E+00
 0.6220E+01 0.2375E+00 0.2385E+00 0.2400E+00
 0.6240E+01 0.2385E+00 0.2396E+00 0.2410E+00
 0.6260E+01 0.2395E+00 0.2406E+00 0.2421E+00
 0.6280E+01 0.2406E+00 0.2417E+00 0.2432E+00
 0.6300E+01 0.2416E+00 0.2427E+00 0.2442E+00
 0.6320E+01 0.2426E+00 0.2438E+00 0.2453E+00
 0.6340E+01 0.2437E+00 0.2449E+00 0.2464E+00
 0.6360E+01 0.2447E+00 0.2459E+00 0.2475E+00
 0.6380E+01 0.2458E+00 0.2470E+00 0.2486E+00
 0.6400E+01 0.2468E+00 0.2481E+00 0.2497E+00
 0.6420E+01 0.2479E+00 0.2491E+00 0.2507E+00
 0.6440E+01 0.2489E+00 0.2502E+00 0.2518E+00
 0.6460E+01 0.2500E+00 0.2513E+00 0.2529E+00
 0.6480E+01 0.2510E+00 0.2524E+00 0.2540E+00
 0.6500E+01 0.2521E+00 0.2534E+00 0.2551E+00
 0.6520E+01 0.2532E+00 0.2545E+00 0.2562E+00
 0.6540E+01 0.2542E+00 0.2556E+00 0.2573E+00
 0.6560E+01 0.2553E+00 0.2567E+00 0.2584E+00
 0.6580E+01 0.2563E+00 0.2577E+00 0.2595E+00
 0.6600E+01 0.2574E+00 0.2588E+00 0.2606E+00
 0.6620E+01 0.2584E+00 0.2599E+00 0.2617E+00
 0.6640E+01 0.2595E+00 0.2609E+00 0.2628E+00
 0.6660E+01 0.2605E+00 0.2620E+00 0.2639E+00
 0.6680E+01 0.2615E+00 0.2631E+00 0.2650E+00
 0.6700E+01 0.2626E+00 0.2641E+00 0.2660E+00
 0.6720E+01 0.2636E+00 0.2652E+00 0.2671E+00
 0.6740E+01 0.2646E+00 0.2662E+00 0.2682E+00
 0.6760E+01 0.2656E+00 0.2673E+00 0.2693E+00
 0.6780E+01 0.2667E+00 0.2683E+00 0.2703E+00
 0.6800E+01 0.2677E+00 0.2693E+00 0.2714E+00
 0.6820E+01 0.2687E+00 0.2704E+00 0.2724E+00
 0.6840E+01 0.2697E+00 0.2714E+00 0.2735E+00
 0.6860E+01 0.2707E+00 0.2724E+00 0.2745E+00
 0.6880E+01 0.2717E+00 0.2734E+00 0.2756E+00
 0.6900E+01 0.2726E+00 0.2744E+00 0.2766E+00
 0.6920E+01 0.2736E+00 0.2754E+00 0.2776E+00
 0.6940E+01 0.2746E+00 0.2764E+00 0.2786E+00
 0.6960E+01 0.2755E+00 0.2774E+00 0.2797E+00
 0.6980E+01 0.2765E+00 0.2784E+00 0.2807E+00
 0.7000E+01 0.2775E+00 0.2794E+00 0.2817E+00
 0.7020E+01 0.2784E+00 0.2804E+00 0.2827E+00
 0.7040E+01 0.2794E+00 0.2813E+00 0.2837E+00
 0.7060E+01 0.2803E+00 0.2823E+00 0.2847E+00
 0.7080E+01 0.2813E+00 0.2833E+00 0.2857E+00
 0.7100E+01 0.2822E+00 0.2843E+00 0.2867E+00
 0.7120E+01 0.2831E+00 0.2852E+00 0.2877E+00
 0.7140E+01 0.2841E+00 0.2862E+00 0.2887E+00
 0.7160E+01 0.2850E+00 0.2872E+00 0.2897E+00
 0.7180E+01 0.2860E+00 0.2881E+00 0.2907E+00
 0.7200E+01 0.2869E+00 0.2891E+00 0.2917E+00
 0.7220E+01 0.2878E+00 0.2900E+00 0.2926E+00
 0.7240E+01 0.2888E+00 0.2910E+00 0.2936E+00
 0.7260E+01 0.2897E+00 0.2919E+00 0.2946E+00
 0.7280E+01 0.2906E+00 0.2929E+00 0.2956E+00
 0.7300E+01 0.2915E+00 0.2939E+00 0.2966E+00
 0.7320E+01 0.2925E+00 0.2948E+00 0.2976E+00
 0.7340E+01 0.2934E+00 0.2958E+00 0.2986E+00
 0.7360E+01 0.2943E+00 0.2967E+00 0.2996E+00
 0.7380E+01 0.2953E+00 0.2977E+00 0.3006E+00
 0.7400E+01 0.2962E+00 0.2987E+00 0.3015E+00
 0.7420E+01 0.2971E+00 0.2996E+00 0.3025E+00
 0.7440E+01 0.2981E+00 0.3006E+00 0.3035E+00
 0.7460E+01 0.2990E+00 0.3016E+00 0.3045E+00
 0.7480E+01 0.3000E+00 0.3025E+00 0.3055E+00
 0.7500E+01 0.3009E+00 0.3035E+00 0.3065E+00
 0.7520E+01 0.3018E+00 0.3045E+00 0.3075E+00
 0.7540E+01 0.3028E+00 0.3054E+00 0.3085E+00
 0.7560E+01 0.3037E+00 0.3064E+00 0.3095E+00
 0.7580E+01 0.3046E+00 0.3074E+00 0.3105E+00
 0.7600E+01 0.3056E+00 0.3083E+00 0.3115E+00
 0.7620E+01 0.3065E+00 0.3093E+00 0.3125E+00
 0.7640E+01 0.3074E+00 0.3102E+00 0.3135E+00
 0.7660E+01 0.3084E+00 0.3112E+00 0.3145E+00
 0.7680E+01 0.3093E+00 0.3122E+00 0.3155E+00
 0.7700E+01 0.3102E+00 0.3131E+00 0.3164E+00
 0.7720E+01 0.3112E+00 0.3141E+00 0.3174E+00
 0.7740E+01 0.3121E+00 0.3150E+00 0.3184E+00
 0.7760E+01 0.3130E+00 0.3160E+00 0.3194E+00
 0.7780E+01 0.3139E+00 0.3169E+00 0.3204E+00
 0.7800E+01 0.3149E+00 0.3179E+00 0.3213E+00
 0.7820E+01 0.3158E+00 0.3188E+00 0.3223E+00
 0.7840E+01 0.3167E+00 0.3198E+00 0.3233E+00
 0.7860E+01 0.3176E+00 0.3207E+00 0.3243E+00
 0.7880E+01 0.3185E+00 0.3217E+00 0.3252E+00
 0.7900E+01 0.3194E+00 0.3226E+00 0.3262E+00
 0.7920E+01 0.3203E+00 0.3235E+00 0.3271E+00
 0.7940E+01 0.3212E+00 0.3244E+00 0.3281E+00
 0.7960E+01 0.3221E+00 0.3254E+00 0.3291E+00
 0.7980E+01 0.3230E+00 0.3263E+00 0.3300E+00
 0.8000E+01 0.3239E+00 0.3272E+00 0.3309E+00
 0.8020E+01 0.3248E+00 0.3281E+00 0.3319E+00
 0.8040E+01 0.3257E+00 0.3290E+00 0.3328E+00
 0.8060E+01 0.3266E+00 0.3299E+00 0.3338E+00
 0.8080E+01 0.3275E+00 0.3308E+00 0.3347E+00
 0.8100E+01 0.3283E+00 0.3317E+00 0.3356E+00
 0.8120E+01 0.3292E+00 0.3326E+00 0.3365E+00
 0.8140E+01 0.3301E+00 0.3335E+00 0.3374E+00
 0.8160E+01 0.3309E+00 0.3344E+00 0.3383E+00
 0.8180E+01 0.3318E+00 0.3353E+00 0.3393E+00
 0.8200E+01 0.3326E+00 0.3362E+00 0.3402E+00
 0.8220E+01 0.3335E+00 0.3370E+00 0.3411E+00
 0.8240E+01 0.3343E+00 0.3379E+00 0.3419E+00
 0.8260E+01 0.3352E+00 0.3388E+00 0.3428E+00
 0.8280E+01 0.3360E+00 0.3396E+00 0.3437E+00
 0.8300E+01 0.3369E+00 0.3405E+00 0.3446E+00
 0.8320E+01 0.3377E+00 0.3413E+00 0.3455E+00
 0.8340E+01 0.3385E+00 0.3422E+00 0.3464E+00
 0.8360E+01 0.3393E+00 0.3430E+00 0.3472E+00
 0.8380E+01 0.3402E+00 0.3439E+00 0.3481E+00
 0.8400E+01 0.3410E+00 0.3447E+00 0.3489E+00
 0.8420E+01 0.3418E+00 0.3455E+00 0.3498E+00
 0.8440E+01 0.3426E+00 0.3464E+00 0.3506E+00
 0.8460E+01 0.3434E+00 0.3472E+00 0.3515E+00
 0.8480E+01 0.3442E+00 0.3480E+00 0.3523E+00
 0.8500E+01 0.3450E+00 0.3488E+00 0.3532E+00
 0.8520E+01 0.3458E+00 0.3496E+00 0.3540E+00
 0.8540E+01 0.3466E+00 0.3505E+00 0.3548E+00
 0.8560E+01 0.3474E+00 0.3513E+00 0.3556E+00
 0.8580E+01 0.3481E+00 0.3521E+00 0.3565E+00
 0.8600E+01 0.3489E+00 0.3529E+00 0.3573E+00
 0.8620E+01 0.3497E+00 0.3536E+00 0.3581E+00
 0.8640E+01 0.3505E+00 0.3544E+00 0.3589E+00
 0.8660E+01 0.3512E+00 0.3552E+00 0.3597E+00
 0.8680E+01 0.3520E+00 0.3560E+00 0.3605E+00
 0.8700E+01 0.3528E+00 0.3568E+00 0.3613E+00
 0.8720E+01 0.3535E+00 0.3575E+00 0.3621E+00
 0.8740E+01 0.3543E+00 0.3583E+00 0.3628E+00
 0.8760E+01 0.3550E+00 0.3591E+00 0.3636E+00
 0.8780E+01 0.3558E+00 0.3598E+00 0.3644E+00
 0.8800E+01 0.3565E+00 0.3606E+00 0.3652E+00
 0.8820E+01 0.3573E+00 0.3614E+00 0.3659E+00
 0.8840E+01 0.3580E+00 0.3621E+00 0.3667E+00
 0.8860E+01 0.3588E+00 0.3629E+00 0.3675E+00
 0.8880E+01 0.3595E+00 0.3636E+00 0.3683E+00
 0.8900E+01 0.3602E+00 0.3644E+00 0.3690E+00
 0.8920E+01 0.3610E+00 0.3651E+00 0.3698E+00
 0.8940E+01 0.3617E+00 0.3659E+00 0.3705E+00
 0.8960E+01 0.3625E+00 0.3666E+00 0.3713E+00
 0.8980E+01 0.3632E+00 0.3674E+00 0.3721E+00
 0.9000E+01 0.3640E+00 0.3681E+00 0.3728E+00
 0.9020E+01 0.3647E+00 0.3689E+00 0.3736E+00
 0.9040E+01 0.3654E+00 0.3696E+00 0.3743E+00
 0.9060E+01 0.3662E+00 0.3704E+00 0.3751E+00
 0.9080E+01 0.3669E+00 0.3711E+00 0.3759E+00
 0.9100E+01 0.3677E+00 0.3719E+00 0.3766E+00
 0.9120E+01 0.3684E+00 0.3726E+00 0.3774E+00
 0.9140E+01 0.3692E+00 0.3734E+00 0.3781E+00
 0.9160E+01 0.3699E+00 0.3742E+00 0.3789E+00
 0.9180E+01 0.3707E+00 0.3749E+00 0.3797E+00
 0.9200E+01 0.3714E+00 0.3757E+00 0.3804E+00
 0.9220E+01 0.3722E+00 0.3764E+00 0.3812E+00
 0.9240E+01 0.3730E+00 0.3772E+00 0.3819E+00
 0.9260E+01 0.3737E+00 0.3780E+00 0.3827E+00
 0.9280E+01 0.3745E+00 0.3787E+00 0.3835E+00
 0.9300E+01 0.3753E+00 0.3795E+00 0.3843E+00
 0.9320E+01 0.3761E+00 0.3803E+00 0.3850E+00
 0.9340E+01 0.3768E+00 0.3811E+00 0.3858E+00
 0.9360E+01 0.3776E+00 0.3818E+00 0.3866E+00
 0.9380E+01 0.3784E+00 0.3826E+00 0.3874E+00
 0.9400E+01 0.3792E+00 0.3834E+00 0.3881E+00
 0.9420E+01 0.3800E+00 0.3842E+00 0.3889E+00
 0.9440E+01 0.3808E+00 0.3850E+00 0.3897E+00
 0.9460E+01 0.3816E+00 0.3857E+00 0.3905E+00
 0.9480E+01 0.3823E+00 0.3865E+00 0.3912E+00
 0.9500E+01 0.3831E+00 0.3873E+00 0.3920E+00
 0.9520E+01 0.3839E+00 0.3881E+00 0.3928E+00
 0.9540E+01 0.3847E+00 0.3889E+00 0.3936E+00
 0.9560E+01 0.3855E+00 0.3897E+00 0.3943E+00
 0.9580E+01 0.3863E+00 0.3904E+00 0.3951E+00
 0.9600E+01 0.3871E+00 0.3912E+00 0.3959E+00
 0.9620E+01 0.3879E+00 0.3920E+00 0.3967E+00
 0.9640E+01 0.3887E+00 0.3928E+00 0.3974E+00
 0.9660E+01 0.3894E+00 0.3935E+00 0.3982E+00
 0.9680E+01 0.3902E+00 0.3943E+00 0.3989E+00
 0.9700E+01 0.3910E+00 0.3951E+00 0.3997E+00
 0.9720E+01 0.3918E+00 0.3958E+00 0.4004E+00
 0.9740E+01 0.3925E+00 0.3966E+00 0.4012E+00
 0.9760E+01 0.3933E+00 0.3973E+00 0.4019E+00
 0.9780E+01 0.3941E+00 0.3981E+00 0.4027E+00
 0.9800E+01 0.3948E+00 0.3988E+00 0.4034E+00
 0.9820E+01 0.3956E+00 0.3996E+00 0.4041E+00
 0.9840E+01 0.3963E+00 0.4003E+00 0.4049E+00
 0.9860E+01 0.3971E+00 0.4011E+00 0.4056E+00
 0.9880E+01 0.3978E+00 0.4018E+00 0.4063E+00
 0.9900E+01 0.3986E+00 0.4025E+00 0.4070E+00
 0.9920E+01 0.3993E+00 0.4032E+00 0.4077E+00
 0.9940E+01 0.4000E+00 0.4039E+00 0.4084E+00
 0.9960E+01 0.4008E+00 0.4046E+00 0.4091E+00
 0.9980E+01 0.4015E+00 0.4053E+00 0.4098E+00
 0.1000E+02 0.4022E+00 0.4060E+00 0.4105E+00
 0.1002E+02 0.4029E+00 0.4067E+00 0.4111E+00
 0.1004E+02 0.4036E+00 0.4074E+00 0.4118E+00
 0.1006E+02 0.4042E+00 0.4081E+00 0.4125E+00
 0.1008E+02 0.4049E+00 0.4087E+00 0.4131E+00
 0.1010E+02 0.4056E+00 0.4094E+00 0.4137E+00
 0.1012E+02 0.4063E+00 0.4100E+00 0.4144E+00
 0.1014E+02 0.4069E+00 0.4107E+00 0.4150E+00
 0.1016E+02 0.4076E+00 0.4113E+00 0.4156E+00
 0.1018E+02 0.4082E+00 0.4120E+00 0.4163E+00
 0.1020E+02 0.4089E+00 0.4126E+00 0.4169E+00
 0.1022E+02 0.4095E+00 0.4132E+00 0.4175E+00
 0.1024E+02 0.4102E+00 0.4138E+00 0.4181E+00
 0.1026E+02 0.4108E+00 0.4145E+00 0.4187E+00
 0.1028E+02 0.4114E+00 0.4151E+00 0.4193E+00
 0.1030E+02 0.4121E+00 0.4157E+00 0.4199E+00
 0.1032E+02 0.4127E+00 0.4163E+00 0.4205E+00
 0.1034E+02 0.4133E+00 0.4169E+00 0.4211E+00
 0.1036E+02 0.4139E+00 0.4175E+00 0.4216E+00
 0.1038E+02 0.4145E+00 0.4181E+00 0.4222E+00
 0.1040E+02 0.4151E+00 0.4187E+00 0.4228E+00
 0.1042E+02 0.4158E+00 0.4193E+00 0.4234E+00
 0.1044E+02 0.4164E+00 0.4199E+00 0.4239E+00
 0.1046E+02 0.4170E+00 0.4205E+00 0.4245E+00
 0.1048E+02 0.4176E+00 0.4210E+00 0.4251E+00
 0.1050E+02 0.4182E+00 0.4216E+00 0.4256E+00
 0.1052E+02 0.4188E+00 0.4222E+00 0.4262E+00
 0.1054E+02 0.4194E+00 0.4228E+00 0.4268E+00
 0.1056E+02 0.4200E+00 0.4234E+00 0.4273E+00
 0.1058E+02 0.4206E+00 0.4240E+00 0.4279E+00
 0.1060E+02 0.4212E+00 0.4245E+00 0.4285E+00
 0.1062E+02 0.4218E+00 0.4251E+00 0.4290E+00
 0.1064E+02 0.4224E+00 0.4257E+00 0.4296E+00
 0.1066E+02 0.4230E+00 0.4263E+00 0.4301E+00
 0.1068E+02 0.4236E+00 0.4269E+00 0.4307E+00
 0.1070E+02 0.4242E+00 0.4275E+00 0.4313E+00
 0.1072E+02 0.4248E+00 0.4280E+00 0.4318E+00
 0.1074E+02 0.4254E+00 0.4286E+00 0.4324E+00
 0.1076E+02 0.4261E+00 0.4292E+00 0.4330E+00
 0.1078E+02 0.4267E+00 0.4298E+00 0.4335E+00
 0.1080E+02 0.4273E+00 0.4304E+00 0.4341E+00
 0.1082E+02 0.4279E+00 0.4310E+00 0.4347E+00
 0.1084E+02 0.4285E+00 0.4316E+00 0.4353E+00
 0.1086E+02 0.4292E+00 0.4322E+00 0.4358E+00
 0.1088E+02 0.4298E+00 0.4328E+00 0.4364E+00
 0.1090E+02 0.4304E+00 0.4334E+00 0.4370E+00
 0.1092E+02 0.4311E+00 0.4340E+00 0.4376E+00
 0.1094E+02 0.4317E+00 0.4346E+00 0.4382E+00
 0.1096E+02 0.4323E+00 0.4352E+00 0.4387E+00
 0.1098E+02 0.4330E+00 0.4358E+00 0.4393E+00
 0.1100E+02 0.4336E+00 0.4365E+00 0.4399E+00
 0.1102E+02 0.4342E+00 0.4371E+00 0.4405E+00
 0.1104E+02 0.4349E+00 0.4377E+00 0.4411E+00
 0.1106E+02 0.4355E+00 0.4383E+00 0.4417E+00
 0.1108E+02 0.4362E+00 0.4389E+00 0.4423E+00
 0.1110E+02 0.4368E+00 0.4395E+00 0.4429E+00
 0.1112E+02 0.4375E+00 0.4402E+00 0.4435E+00
 0.1114E+02 0.4381E+00 0.4408E+00 0.4441E+00
 0.1116E+02 0.4388E+00 0.4414E+00 0.4446E+00
 0.1118E+02 0.4394E+00 0.4420E+00 0.4452E+00
 0.1120E+02 0.4401E+00 0.4426E+00 0.4458E+00
 0.1122E+02 0.4407E+00 0.4433E+00 0.4464E+00
 0.1124E+02 0.4414E+00 0.4439E+00 0.4470E+00
 0.1126E+02 0.4420E+00 0.4445E+00 0.4476E+00
 0.1128E+02 0.4427E+00 0.4451E+00 0.4482E+00
 0.1130E+02 0.4433E+00 0.4458E+00 0.4488E+00
 0.1132E+02 0.4440E+00 0.4464E+00 0.4494E+00
 0.1134E+02 0.4446E+00 0.4470E+00 0.4500E+00
 0.1136E+02 0.4453E+00 0.4476E+00 0.4506E+00
 0.1138E+02 0.4459E+00 0.4482E+00 0.4512E+00
 0.1140E+02 0.4466E+00 0.4489E+00 0.4518E+00
 0.1142E+02 0.4472E+00 0.4495E+00 0.4523E+00
 0.1144E+02 0.4479E+00 0.4501E+00 0.4529E+00
 0.1146E+02 0.4485E+00 0.4507E+00 0.4535E+00
 0.1148E+02 0.4492E+00 0.4513E+00 0.4541E+00
 0.1150E+02 0.4498E+00 0.4519E+00 0.4547E+00
 0.1152E+02 0.4505E+00 0.4525E+00 0.4553E+00
 0.1154E+02 0.4511E+00 0.4532E+00 0.4558E+00
 0.1156E+02 0.4517E+00 0.4538E+00 0.4564E+00
 0.1158E+02 0.4524E+00 0.4544E+00 0.4570E+00
 0.1160E+02 0.4530E+00 0.4550E+00 0.4576E+00
 0.1162E+02 0.4536E+00 0.4556E+00 0.4582E+00
 0.1164E+02 0.4543E+00 0.4562E+00 0.4587E+00
 0.1166E+02 0.4549E+00 0.4568E+00 0.4593E+00
 0.1168E+02 0.4555E+00 0.4574E+00 0.4599E+00
 0.1170E+02 0.4562E+00 0.4580E+00 0.4604E+00
 0.1172E+02 0.4568E+00 0.4586E+00 0.4610E+00
 0.1174E+02 0.4574E+00 0.4592E+00 0.4615E+00
 0.1176E+02 0.4580E+00 0.4597E+00 0.4621E+00
 0.1178E+02 0.4586E+00 0.4603E+00 0.4627E+00
 0.1180E+02 0.4592E+00 0.4609E+00 0.4632E+00
 0.1182E+02 0.4599E+00 0.4615E+00 0.4638E+00
 0.1184E+02 0.4605E+00 0.4621E+00 0.4643E+00
 0.1186E+02 0.4611E+00 0.4626E+00 0.4649E+00
 0.1188E+02 0.4617E+00 0.4632E+00 0.4654E+00
 0.1190E+02 0.4623E+00 0.4638E+00 0.4659E+00
 0.1192E+02 0.4629E+00 0.4644E+00 0.4665E+00
 0.1194E+02 0.4635E+00 0.4649E+00 0.4670E+00
 0.1196E+02 0.4641E+00 0.4655E+00 0.4676E+00
 0.1198E+02 0.4647E+00 0.4661E+00 0.4681E+00
 0.1200E+02 0.4653E+00 0.4666E+00 0.4686E+00
 0.1202E+02 0.4659E+00 0.4672E+00 0.4692E+00
 0.1204E+02 0.4664E+00 0.4677E+00 0.4697E+00
 0.1206E+02 0.4670E+00 0.4683E+00 0.4702E+00
 0.1208E+02 0.4676E+00 0.4689E+00 0.4708E+00
 0.1210E+02 0.4682E+00 0.4694E+00 0.4713E+00
 0.1212E+02 0.4688E+00 0.4700E+00 0.4718E+00
 0.1214E+02 0.4694E+00 0.4705E+00 0.4723E+00
 0.1216E+02 0.4699E+00 0.4711E+00 0.4729E+00
 0.1218E+02 0.4705E+00 0.4716E+00 0.4734E+00
 0.1220E+02 0.4711E+00 0.4722E+00 0.4739E+00
 0.1222E+02 0.4717E+00 0.4727E+00 0.4744E+00
 0.1224E+02 0.4722E+00 0.4733E+00 0.4749E+00
 0.1226E+02 0.4728E+00 0.4738E+00 0.4754E+00
 0.1228E+02 0.4734E+00 0.4743E+00 0.4760E+00
 0.1230E+02 0.4740E+00 0.4749E+00 0.4765E+00
 0.1232E+02 0.4745E+00 0.4754E+00 0.4770E+00
 0.1234E+02 0.4751E+00 0.4760E+00 0.4775E+00
 0.1236E+02 0.4756E+00 0.4765E+00 0.4780E+00
 0.1238E+02 0.4762E+00 0.4770E+00 0.4785E+00
 0.1240E+02 0.4768E+00 0.4776E+00 0.4790E+00
 0.1242E+02 0.4773E+00 0.4781E+00 0.4795E+00
 0.1244E+02 0.4779E+00 0.4786E+00 0.4800E+00
 0.1246E+02 0.4785E+00 0.4792E+00 0.4805E+00
 0.1248E+02 0.4790E+00 0.4797E+00 0.4810E+00
 0.1250E+02 0.4796E+00 0.4802E+00 0.4815E+00
 0.1252E+02 0.4801E+00 0.4807E+00 0.4820E+00
 0.1254E+02 0.4807E+00 0.4813E+00 0.4825E+00
 0.1256E+02 0.4812E+00 0.4818E+00 0.4830E+00
 0.1258E+02 0.4818E+00 0.4823E+00 0.4835E+00
 0.1260E+02 0.4823E+00 0.4828E+00 0.4840E+00
 0.1262E+02 0.4829E+00 0.4834E+00 0.4845E+00
 0.1264E+02 0.4834E+00 0.4839E+00 0.4850E+00
 0.1266E+02 0.4840E+00 0.4844E+00 0.4855E+00
 0.1268E+02 0.4845E+00 0.4849E+00 0.4860E+00
 0.1270E+02 0.4851E+00 0.4855E+00 0.4865E+00
 0.1272E+02 0.4856E+00 0.4860E+00 0.4870E+00
 0.1274E+02 0.4862E+00 0.4865E+00 0.4875E+00
 0.1276E+02 0.4867E+00 0.4870E+00 0.4880E+00
 0.1278E+02 0.4873E+00 0.4875E+00 0.4885E+00
 0.1280E+02 0.4878E+00 0.4881E+00 0.4890E+00
 0.1282E+02 0.4884E+00 0.4886E+00 0.4895E+00
 0.1284E+02 0.4889E+00 0.4891E+00 0.4900E+00
 0.1286E+02 0.4894E+00 0.4896E+00 0.4904E+00
 0.1288E+02 0.4900E+00 0.4901E+00 0.4909E+00
 0.1290E+02 0.4905E+00 0.4906E+00 0.4914E+00
 0.1292E+02 0.4911E+00 0.4911E+00 0.4919E+00
 0.1294E+02 0.4916E+00 0.4917E+00 0.4924E+00
 0.1296E+02 0.4921E+00 0.4922E+00 0.4929E+00
 0.1298E+02 0.4927E+00 0.4927E+00 0.4934E+00
 0.1300E+02 0.4932E+00 0.4932E+00 0.4938E+00
 0.1302E+02 0.4937E+00 0.4937E+00 0.4943E+00
 0.1304E+02 0.4943E+00 0.4942E+00 0.4948E+00
 0.1306E+02 0.4948E+00 0.4947E+00 0.4953E+00
 0.1308E+02 0.4953E+00 0.4952E+00 0.4958E+00
 0.1310E+02 0.4959E+00 0.4957E+00 0.4963E+00
 0.1312E+02 0.4964E+00 0.4962E+00 0.4967E+00
 0.1314E+02 0.4969E+00 0.4967E+00 0.4972E+00
 0.1316E+02 0.4975E+00 0.4972E+00 0.4977E+00
 0.1318E+02 0.4980E+00 0.4977E+00 0.4982E+00
 0.1320E+02 0.4985E+00 0.4982E+00 0.4986E+00
 0.1322E+02 0.4990E+00 0.4987E+00 0.4991E+00
 0.1324E+02 0.4996E+00 0.4992E+00 0.4996E+00
 0.1326E+02 0.5001E+00 0.4997E+00 0.5001E+00
 0.1328E+02 0.5006E+00 0.5002E+00 0.5005E+00
 0.1330E+02 0.5011E+00 0.5007E+00 0.5010E+00
 0.1332E+02 0.5016E+00 0.5012E+00 0.5015E+00
 0.1334E+02 0.5022E+00 0.5017E+00 0.5020E+00
 0.1336E+02 0.5027E+00 0.5022E+00 0.5024E+00
 0.1338E+02 0.5032E+00 0.5027E+00 0.5029E+00
 0.1340E+02 0.5037E+00 0.5032E+00 0.5034E+00
 0.1342E+02 0.5042E+00 0.5037E+00 0.5038E+00
 0.1344E+02 0.5047E+00 0.5042E+00 0.5043E+00
 0.1346E+02 0.5053E+00 0.5047E+00 0.5048E+00
 0.1348E+02 0.5058E+00 0.5052E+00 0.5052E+00
 0.1350E+02 0.5063E+00 0.5056E+00 0.5057E+00
 0.1352E+02 0.5068E+00 0.5061E+00 0.5062E+00
 0.1354E+02 0.5073E+00 0.5066E+00 0.5066E+00
 0.1356E+02 0.5078E+00 0.5071E+00 0.5071E+00
 0.1358E+02 0.5083E+00 0.5076E+00 0.5076E+00
 0.1360E+02 0.5088E+00 0.5081E+00 0.5080E+00
 0.1362E+02 0.5093E+00 0.5085E+00 0.5085E+00
 0.1364E+02 0.5098E+00 0.5090E+00 0.5089E+00
 0.1366E+02 0.5103E+00 0.5095E+00 0.5094E+00
 0.1368E+02 0.5108E+00 0.5100E+00 0.5099E+00
 0.1370E+02 0.5113E+00 0.5105E+00 0.5103E+00
 0.1372E+02 0.5118E+00 0.5109E+00 0.5108E+00
 0.1374E+02 0.5123E+00 0.5114E+00 0.5112E+00
 0.1376E+02 0.5128E+00 0.5119E+00 0.5117E+00
 0.1378E+02 0.5133E+00 0.5124E+00 0.5121E+00
 0.1380E+02 0.5138E+00 0.5128E+00 0.5126E+00
 0.1382E+02 0.5143E+00 0.5133E+00 0.5130E+00
 0.1384E+02 0.5148E+00 0.5138E+00 0.5135E+00
 0.1386E+02 0.5153E+00 0.5143E+00 0.5140E+00
 0.1388E+02 0.5158E+00 0.5147E+00 0.5144E+00
 0.1390E+02 0.5163E+00 0.5152E+00 0.5149E+00
 0.1392E+02 0.5168E+00 0.5157E+00 0.5153E+00
 0.1394E+02 0.5172E+00 0.5161E+00 0.5157E+00
 0.1396E+02 0.5177E+00 0.5166E+00 0.5162E+00
 0.1398E+02 0.5182E+00 0.5171E+00 0.5166E+00
 0.1400E+02 0.5187E+00 0.5175E+00 0.5171E+00
 0.1402E+02 0.5192E+00 0.5180E+00 0.5175E+00
 0.1404E+02 0.5197E+00 0.5185E+00 0.5180E+00
 0.1406E+02 0.5202E+00 0.5189E+00 0.5184E+00
 0.1408E+02 0.5206E+00 0.5194E+00 0.5189E+00
 0.1410E+02 0.5211E+00 0.5198E+00 0.5193E+00
 0.1412E+02 0.5216E+00 0.5203E+00 0.5197E+00
 0.1414E+02 0.5221E+00 0.5208E+00 0.5202E+00
 0.1416E+02 0.5226E+00 0.5212E+00 0.5206E+00
 0.1418E+02 0.5230E+00 0.5217E+00 0.5211E+00
 0.1420E+02 0.5235E+00 0.5221E+00 0.5215E+00
 0.1422E+02 0.5240E+00 0.5226E+00 0.5219E+00
 0.1424E+02 0.5245E+00 0.5231E+00 0.5224E+00
 0.1426E+02 0.5249E+00 0.5235E+00 0.5228E+00
 0.1428E+02 0.5254E+00 0.5240E+00 0.5233E+00
 0.1430E+02 0.5259E+00 0.5244E+00 0.5237E+00
 0.1432E+02 0.5263E+00 0.5249E+00 0.5241E+00
 0.1434E+02 0.5268E+00 0.5253E+00 0.5246E+00
 0.1436E+02 0.5273E+00 0.5258E+00 0.5250E+00
 0.1438E+02 0.5277E+00 0.5262E+00 0.5254E+00
 0.1440E+02 0.5282E+00 0.5267E+00 0.5259E+00
 0.1442E+02 0.5287E+00 0.5271E+00 0.5263E+00
 0.1444E+02 0.5291E+00 0.5276E+00 0.5267E+00
 0.1446E+02 0.5296E+00 0.5280E+00 0.5272E+00
 0.1448E+02 0.5301E+00 0.5285E+00 0.5276E+00
 0.1450E+02 0.5305E+00 0.5289E+00 0.5280E+00
 0.1452E+02 0.5310E+00 0.5293E+00 0.5284E+00
 0.1454E+02 0.5315E+00 0.5298E+00 0.5289E+00
 0.1456E+02 0.5319E+00 0.5302E+00 0.5293E+00
 0.1458E+02 0.5324E+00 0.5307E+00 0.5297E+00
 0.1460E+02 0.5328E+00 0.5311E+00 0.5301E+00
 0.1462E+02 0.5333E+00 0.5316E+00 0.5306E+00
 0.1464E+02 0.5337E+00 0.5320E+00 0.5310E+00
 0.1466E+02 0.5342E+00 0.5324E+00 0.5314E+00
 0.1468E+02 0.5347E+00 0.5329E+00 0.5318E+00
 0.1470E+02 0.5351E+00 0.5333E+00 0.5323E+00
 0.1472E+02 0.5356E+00 0.5338E+00 0.5327E+00
 0.1474E+02 0.5360E+00 0.5342E+00 0.5331E+00
 0.1476E+02 0.5365E+00 0.5346E+00 0.5335E+00
 0.1478E+02 0.5369E+00 0.5351E+00 0.5340E+00
 0.1480E+02 0.5374E+00 0.5355E+00 0.5344E+00
 0.1482E+02 0.5378E+00 0.5359E+00 0.5348E+00
 0.1484E+02 0.5383E+00 0.5364E+00 0.5352E+00
 0.1486E+02 0.5387E+00 0.5368E+00 0.5356E+00
 0.1488E+02 0.5392E+00 0.5372E+00 0.5360E+00
 0.1490E+02 0.5396E+00 0.5377E+00 0.5365E+00
 0.1492E+02 0.5400E+00 0.5381E+00 0.5369E+00
 0.1494E+02 0.5405E+00 0.5385E+00 0.5373E+00
 0.1496E+02 0.5409E+00 0.5389E+00 0.5377E+00
 0.1498E+02 0.5414E+00 0.5394E+00 0.5381E+00
 0.1500E+02 0.5418E+00 0.5398E+00 0.5385E+00
 0.1502E+02 0.5423E+00 0.5402E+00 0.5389E+00
 0.1504E+02 0.5427E+00 0.5406E+00 0.5394E+00
 0.1506E+02 0.5431E+00 0.5411E+00 0.5398E+00
 0.1508E+02 0.5436E+00 0.5415E+00 0.5402E+00
 0.1510E+02 0.5440E+00 0.5419E+00 0.5406E+00
 0.1512E+02 0.5444E+00 0.5423E+00 0.5410E+00
 0.1514E+02 0.5449E+00 0.5428E+00 0.5414E+00
 0.1516E+02 0.5453E+00 0.5432E+00 0.5418E+00
 0.1518E+02 0.5457E+00 0.5436E+00 0.5422E+00
 0.1520E+02 0.5462E+00 0.5440E+00 0.5426E+00
 0.1522E+02 0.5466E+00 0.5445E+00 0.5430E+00
 0.1524E+02 0.5470E+00 0.5449E+00 0.5435E+00
 0.1526E+02 0.5475E+00 0.5453E+00 0.5439E+00
 0.1528E+02 0.5479E+00 0.5457E+00 0.5443E+00
 0.1530E+02 0.5483E+00 0.5461E+00 0.5447E+00
 0.1532E+02 0.5488E+00 0.5465E+00 0.5451E+00
 0.1534E+02 0.5492E+00 0.5470E+00 0.5455E+00
 0.1536E+02 0.5496E+00 0.5474E+00 0.5459E+00
 0.1538E+02 0.5500E+00 0.5478E+00 0.5463E+00
 0.1540E+02 0.5505E+00 0.5482E+00 0.5467E+00
 0.1542E+02 0.5509E+00 0.5486E+00 0.5471E+00
 0.1544E+02 0.5513E+00 0.5490E+00 0.5475E+00
 0.1546E+02 0.5517E+00 0.5494E+00 0.5479E+00
 0.1548E+02 0.5522E+00 0.5498E+00 0.5483E+00
 0.1550E+02 0.5526E+00 0.5503E+00 0.5487E+00
 0.1552E+02 0.5530E+00 0.5507E+00 0.5491E+00
 0.1554E+02 0.5534E+00 0.5511E+00 0.5495E+00
 0.1556E+02 0.5538E+00 0.5515E+00 0.5499E+00
 0.1558E+02 0.5543E+00 0.5519E+00 0.5503E+00
 0.1560E+02 0.5547E+00 0.5523E+00 0.5507E+00
 0.1562E+02 0.5551E+00 0.5527E+00 0.5511E+00
 0.1564E+02 0.5555E+00 0.5531E+00 0.5515E+00
 0.1566E+02 0.5559E+00 0.5535E+00 0.5519E+00
 0.1568E+02 0.5564E+00 0.5539E+00 0.5523E+00
 0.1570E+02 0.5568E+00 0.5543E+00 0.5527E+00
 0.1572E+02 0.5572E+00 0.5547E+00 0.5530E+00
 0.1574E+02 0.5576E+00 0.5551E+00 0.5534E+00
 0.1576E+02 0.5580E+00 0.5555E+00 0.5538E+00
 0.1578E+02 0.5584E+00 0.5559E+00 0.5542E+00
 0.1580E+02 0.5588E+00 0.5563E+00 0.5546E+00
 0.1582E+02 0.5592E+00 0.5567E+00 0.5550E+00
 0.1584E+02 0.5596E+00 0.5571E+00 0.5554E+00
 0.1586E+02 0.5601E+00 0.5575E+00 0.5558E+00
 0.1588E+02 0.5605E+00 0.5579E+00 0.5562E+00
 0.1590E+02 0.5609E+00 0.5583E+00 0.5566E+00
 0.1592E+02 0.5613E+00 0.5587E+00 0.5569E+00
 0.1594E+02 0.5617E+00 0.5591E+00 0.5573E+00
 0.1596E+02 0.5621E+00 0.5595E+00 0.5577E+00
 0.1598E+02 0.5625E+00 0.5599E+00 0.5581E+00
 0.1600E+02 0.5629E+00 0.5603E+00 0.5585E+00
 0.1602E+02 0.5633E+00 0.5607E+00 0.5589E+00
 0.1604E+02 0.5637E+00 0.5611E+00 0.5593E+00
 0.1606E+02 0.5641E+00 0.5615E+00 0.5596E+00
 0.1608E+02 0.5645E+00 0.5619E+00 0.5600E+00
 0.1610E+02 0.5649E+00 0.5623E+00 0.5604E+00
 0.1612E+02 0.5653E+00 0.5627E+00 0.5608E+00
 0.1614E+02 0.5657E+00 0.5630E+00 0.5612E+00
 0.1616E+02 0.5661E+00 0.5634E+00 0.5616E+00
 0.1618E+02 0.5665E+00 0.5638E+00 0.5619E+00
 0.1620E+02 0.5669E+00 0.5642E+00 0.5623E+00
 0.1622E+02 0.5673E+00 0.5646E+00 0.5627E+00
 0.1624E+02 0.5677E+00 0.5650E+00 0.5631E+00
 0.1626E+02 0.5681E+00 0.5654E+00 0.5635E+00
 0.1628E+02 0.5685E+00 0.5658E+00 0.5638E+00
 0.1630E+02 0.5689E+00 0.5661E+00 0.5642E+00
 0.1632E+02 0.5692E+00 0.5665E+00 0.5646E+00
 0.1634E+02 0.5696E+00 0.5669E+00 0.5650E+00
 0.1636E+02 0.5700E+00 0.5673E+00 0.5653E+00
 0.1638E+02 0.5704E+00 0.5677E+00 0.5657E+00
 0.1640E+02 0.5708E+00 0.5680E+00 0.5661E+00
 0.1642E+02 0.5712E+00 0.5684E+00 0.5665E+00
 0.1644E+02 0.5716E+00 0.5688E+00 0.5668E+00
 0.1646E+02 0.5720E+00 0.5692E+00 0.5672E+00
 0.1648E+02 0.5724E+00 0.5696E+00 0.5676E+00
 0.1650E+02 0.5727E+00 0.5699E+00 0.5680E+00
 0.1652E+02 0.5731E+00 0.5703E+00 0.5683E+00
 0.1654E+02 0.5735E+00 0.5707E+00 0.5687E+00
 0.1656E+02 0.5739E+00 0.5711E+00 0.5691E+00
 0.1658E+02 0.5743E+00 0.5715E+00 0.5694E+00
 0.1660E+02 0.5747E+00 0.5718E+00 0.5698E+00
 0.1662E+02 0.5750E+00 0.5722E+00 0.5702E+00
 0.1664E+02 0.5754E+00 0.5726E+00 0.5705E+00
 0.1666E+02 0.5758E+00 0.5730E+00 0.5709E+00
 0.1668E+02 0.5762E+00 0.5733E+00 0.5713E+00
 0.1670E+02 0.5766E+00 0.5737E+00 0.5716E+00
 0.1672E+02 0.5769E+00 0.5741E+00 0.5720E+00
 0.1674E+02 0.5773E+00 0.5744E+00 0.5724E+00
 0.1676E+02 0.5777E+00 0.5748E+00 0.5727E+00
 0.1678E+02 0.5781E+00 0.5752E+00 0.5731E+00
 0.1680E+02 0.5784E+00 0.5756E+00 0.5735E+00
 0.1682E+02 0.5788E+00 0.5759E+00 0.5738E+00
 0.1684E+02 0.5792E+00 0.5763E+00 0.5742E+00
 0.1686E+02 0.5796E+00 0.5767E+00 0.5746E+00
 0.1688E+02 0.5799E+00 0.5770E+00 0.5749E+00
 0.1690E+02 0.5803E+00 0.5774E+00 0.5753E+00
 0.1692E+02 0.5807E+00 0.5778E+00 0.5756E+00
 0.1694E+02 0.5811E+00 0.5781E+00 0.5760E+00
 0.1696E+02 0.5814E+00 0.5785E+00 0.5764E+00
 0.1698E+02 0.5818E+00 0.5789E+00 0.5767E+00
 0.1700E+02 0.5822E+00 0.5792E+00 0.5771E+00
 0.1702E+02 0.5825E+00 0.5796E+00 0.5774E+00
 0.1704E+02 0.5829E+00 0.5799E+00 0.5778E+00
 0.1706E+02 0.5833E+00 0.5803E+00 0.5782E+00
 0.1708E+02 0.5836E+00 0.5807E+00 0.5785E+00
 0.1710E+02 0.5840E+00 0.5810E+00 0.5789E+00
 0.1712E+02 0.5844E+00 0.5814E+00 0.5792E+00
 0.1714E+02 0.5847E+00 0.5818E+00 0.5796E+00
 0.1716E+02 0.5851E+00 0.5821E+00 0.5799E+00
 0.1718E+02 0.5855E+00 0.5825E+00 0.5803E+00
 0.1720E+02 0.5858E+00 0.5828E+00 0.5807E+00
 0.1722E+02 0.5862E+00 0.5832E+00 0.5810E+00
 0.1724E+02 0.5865E+00 0.5835E+00 0.5814E+00
 0.1726E+02 0.5869E+00 0.5839E+00 0.5817E+00
 0.1728E+02 0.5873E+00 0.5843E+00 0.5821E+00
 0.1730E+02 0.5876E+00 0.5846E+00 0.5824E+00
 0.1732E+02 0.5880E+00 0.5850E+00 0.5828E+00
 0.1734E+02 0.5883E+00 0.5853E+00 0.5831E+00
 0.1736E+02 0.5887E+00 0.5857E+00 0.5835E+00
 0.1738E+02 0.5891E+00 0.5860E+00 0.5838E+00
 0.1740E+02 0.5894E+00 0.5864E+00 0.5842E+00
 0.1742E+02 0.5898E+00 0.5867E+00 0.5845E+00
 0.1744E+02 0.5901E+00 0.5871E+00 0.5849E+00
 0.1746E+02 0.5905E+00 0.5874E+00 0.5852E+00
 0.1748E+02 0.5908E+00 0.5878E+00 0.5856E+00
 0.1750E+02 0.5912E+00 0.5881E+00 0.5859E+00
 0.1752E+02 0.5916E+00 0.5885E+00 0.5863E+00
 0.1754E+02 0.5919E+00 0.5888E+00 0.5866E+00
 0.1756E+02 0.5923E+00 0.5892E+00 0.5869E+00
 0.1758E+02 0.5926E+00 0.5895E+00 0.5873E+00
 0.1760E+02 0.5930E+00 0.5899E+00 0.5876E+00
 0.1762E+02 0.5933E+00 0.5902E+00 0.5880E+00
 0.1764E+02 0.5937E+00 0.5906E+00 0.5883E+00
 0.1766E+02 0.5940E+00 0.5909E+00 0.5887E+00
 0.1768E+02 0.5944E+00 0.5913E+00 0.5890E+00
 0.1770E+02 0.5947E+00 0.5916E+00 0.5893E+00
 0.1772E+02 0.5951E+00 0.5920E+00 0.5897E+00
 0.1774E+02 0.5954E+00 0.5923E+00 0.5900E+00
 0.1776E+02 0.5957E+00 0.5926E+00 0.5904E+00
 0.1778E+02 0.5961E+00 0.5930E+00 0.5907E+00
 0.1780E+02 0.5964E+00 0.5933E+00 0.5911E+00
 0.1782E+02 0.5968E+00 0.5937E+00 0.5914E+00
 0.1784E+02 0.5971E+00 0.5940E+00 0.5917E+00
 0.1786E+02 0.5975E+00 0.5944E+00 0.5921E+00
 0.1788E+02 0.5978E+00 0.5947E+00 0.5924E+00
 0.1790E+02 0.5982E+00 0.5950E+00 0.5927E+00
 0.1792E+02 0.5985E+00 0.5954E+00 0.5931E+00
 0.1794E+02 0.5988E+00 0.5957E+00 0.5934E+00
 0.1796E+02 0.5992E+00 0.5960E+00 0.5938E+00
 0.1798E+02 0.5995E+00 0.5964E+00 0.5941E+00
 0.1800E+02 0.5999E+00 0.5967E+00 0.5944E+00
 0.1802E+02 0.6002E+00 0.5971E+00 0.5948E+00
 0.1804E+02 0.6005E+00 0.5974E+00 0.5951E+00
 0.1806E+02 0.6009E+00 0.5977E+00 0.5954E+00
 0.1808E+02 0.6012E+00 0.5981E+00 0.5958E+00
 0.1810E+02 0.6015E+00 0.5984E+00 0.5961E+00
 0.1812E+02 0.6019E+00 0.5987E+00 0.5964E+00
 0.1814E+02 0.6022E+00 0.5991E+00 0.5968E+00
 0.1816E+02 0.6026E+00 0.5994E+00 0.5971E+00
 0.1818E+02 0.6029E+00 0.5997E+00 0.5974E+00
 0.1820E+02 0.6032E+00 0.6001E+00 0.5977E+00
 0.1822E+02 0.6036E+00 0.6004E+00 0.5981E+00
 0.1824E+02 0.6039E+00 0.6007E+00 0.5984E+00
 0.1826E+02 0.6042E+00 0.6011E+00 0.5987E+00
 0.1828E+02 0.6046E+00 0.6014E+00 0.5991E+00
 0.1830E+02 0.6049E+00 0.6017E+00 0.5994E+00
 0.1832E+02 0.6052E+00 0.6020E+00 0.5997E+00
 0.1834E+02 0.6055E+00 0.6024E+00 0.6000E+00
 0.1836E+02 0.6059E+00 0.6027E+00 0.6004E+00
 0.1838E+02 0.6062E+00 0.6030E+00 0.6007E+00
 0.1840E+02 0.6065E+00 0.6034E+00 0.6010E+00
 0.1842E+02 0.6069E+00 0.6037E+00 0.6013E+00
 0.1844E+02 0.6072E+00 0.6040E+00 0.6017E+00
 0.1846E+02 0.6075E+00 0.6043E+00 0.6020E+00
 0.1848E+02 0.6078E+00 0.6047E+00 0.6023E+00
 0.1850E+02 0.6082E+00 0.6050E+00 0.6026E+00
 0.1852E+02 0.6085E+00 0.6053E+00 0.6030E+00
 0.1854E+02 0.6088E+00 0.6056E+00 0.6033E+00
 0.1856E+02 0.6091E+00 0.6060E+00 0.6036E+00
 0.1858E+02 0.6095E+00 0.6063E+00 0.6039E+00
 0.1860E+02 0.6098E+00 0.6066E+00 0.6043E+00
 0.1862E+02 0.6101E+00 0.6069E+00 0.6046E+00
 0.1864E+02 0.6104E+00 0.6072E+00 0.6049E+00
 0.1866E+02 0.6108E+00 0.6076E+00 0.6052E+00
 0.1868E+02 0.6111E+00 0.6079E+00 0.6055E+00
 0.1870E+02 0.6114E+00 0.6082E+00 0.6059E+00
 0.1872E+02 0.6117E+00 0.6085E+00 0.6062E+00
 0.1874E+02 0.6120E+00 0.6088E+00 0.6065E+00
 0.1876E+02 0.6124E+00 0.6092E+00 0.6068E+00
 0.1878E+02 0.6127E+00 0.6095E+00 0.6071E+00
 0.1880E+02 0.6130E+00 0.6098E+00 0.6074E+00
 0.1882E+02 0.6133E+00 0.6101E+00 0.6078E+00
 0.1884E+02 0.6136E+00 0.6104E+00 0.6081E+00
 0.1886E+02 0.6139E+00 0.6107E+00 0.6084E+00
 0.1888E+02 0.6143E+00 0.6111E+00 0.6087E+00
 0.1890E+02 0.6146E+00 0.6114E+00 0.6090E+00
 0.1892E+02 0.6149E+00 0.6117E+00 0.6093E+00
 0.1894E+02 0.6152E+00 0.6120E+00 0.6096E+00
 0.1896E+02 0.6155E+00 0.6123E+00 0.6100E+00
 0.1898E+02 0.6158E+00 0.6126E+00 0.6103E+00
 0.1900E+02 0.6161E+00 0.6129E+00 0.6106E+00
 0.1902E+02 0.6165E+00 0.6132E+00 0.6109E+00
 0.1904E+02 0.6168E+00 0.6136E+00 0.6112E+00
 0.1906E+02 0.6171E+00 0.6139E+00 0.6115E+00
 0.1908E+02 0.6174E+00 0.6142E+00 0.6118E+00
 0.1910E+02 0.6177E+00 0.6145E+00 0.6121E+00
 0.1912E+02 0.6180E+00 0.6148E+00 0.6124E+00
 0.1914E+02 0.6183E+00 0.6151E+00 0.6128E+00
 0.1916E+02 0.6186E+00 0.6154E+00 0.6131E+00
 0.1918E+02 0.6189E+00 0.6157E+00 0.6134E+00
 0.1920E+02 0.6192E+00 0.6160E+00 0.6137E+00
 0.1922E+02 0.6196E+00 0.6163E+00 0.6140E+00
 0.1924E+02 0.6199E+00 0.6166E+00 0.6143E+00
 0.1926E+02 0.6202E+00 0.6170E+00 0.6146E+00
 0.1928E+02 0.6205E+00 0.6173E+00 0.6149E+00
 0.1930E+02 0.6208E+00 0.6176E+00 0.6152E+00
 0.1932E+02 0.6211E+00 0.6179E+00 0.6155E+00
 0.1934E+02 0.6214E+00 0.6182E+00 0.6158E+00
 0.1936E+02 0.6217E+00 0.6185E+00 0.6161E+00
 0.1938E+02 0.6220E+00 0.6188E+00 0.6164E+00
 0.1940E+02 0.6223E+00 0.6191E+00 0.6167E+00
 0.1942E+02 0.6226E+00 0.6194E+00 0.6170E+00
 0.1944E+02 0.6229E+00 0.6197E+00 0.6173E+00
 0.1946E+02 0.6232E+00 0.6200E+00 0.6176E+00
 0.1948E+02 0.6235E+00 0.6203E+00 0.6179E+00
 0.1950E+02 0.6238E+00 0.6206E+00 0.6182E+00
 0.1952E+02 0.6241E+00 0.6209E+00 0.6185E+00
 0.1954E+02 0.6244E+00 0.6212E+00 0.6188E+00
 0.1956E+02 0.6247E+00 0.6215E+00 0.6191E+00
 0.1958E+02 0.6250E+00 0.6218E+00 0.6194E+00
 0.1960E+02 0.6253E+00 0.6221E+00 0.6197E+00
 0.1962E+02 0.6256E+00 0.6224E+00 0.6200E+00
 0.1964E+02 0.6259E+00 0.6227E+00 0.6203E+00
 0.1966E+02 0.6262E+00 0.6230E+00 0.6206E+00
 0.1968E+02 0.6265E+00 0.6233E+00 0.6209E+00
 0.1970E+02 0.6268E+00 0.6236E+00 0.6212E+00
 0.1972E+02 0.6271E+00 0.6239E+00 0.6215E+00
 0.1974E+02 0.6274E+00 0.6242E+00 0.6218E+00
 0.1976E+02 0.6277E+00 0.6245E+00 0.6221E+00
 0.1978E+02 0.6280E+00 0.6248E+00 0.6224E+00
 0.1980E+02 0.6283E+00 0.6251E+00 0.6227E+00
 0.1982E+02 0.6286E+00 0.6253E+00 0.6230E+00
 0.1984E+02 0.6288E+00 0.6256E+00 0.6233E+00
 0.1986E+02 0.6291E+00 0.6259E+00 0.6236E+00
 0.1988E+02 0.6294E+00 0.6262E+00 0.6239E+00
 0.1990E+02 0.6297E+00 0.6265E+00 0.6242E+00
 0.1992E+02 0.6300E+00 0.6268E+00 0.6245E+00
 0.1994E+02 0.6303E+00 0.6271E+00 0.6248E+00
 0.1996E+02 0.6306E+00 0.6274E+00 0.6251E+00
 0.1998E+02 0.6309E+00 0.6277E+00 0.6254E+00
 0.2000E+02 0.6312E+00 0.6280E+00 0.6256E+00

   sin2theta = 0.7244E-02  dm2 = 0.5012E-05


