    zenith
    angle     Kamioka      Sudbury     Gran Sasso

     0.25   0.00000E+00  0.00000E+00  0.00000E+00
     0.75   0.00000E+00  0.00000E+00  0.00000E+00
     1.25   0.00000E+00  0.00000E+00  0.00000E+00
     1.75   0.00000E+00  0.00000E+00  0.00000E+00
     2.25   0.00000E+00  0.00000E+00  0.00000E+00
     2.75   0.00000E+00  0.00000E+00  0.00000E+00
     3.25   0.00000E+00  0.00000E+00  0.00000E+00
     3.75   0.00000E+00  0.00000E+00  0.00000E+00
     4.25   0.00000E+00  0.00000E+00  0.00000E+00
     4.75   0.00000E+00  0.00000E+00  0.00000E+00
     5.25   0.00000E+00  0.00000E+00  0.00000E+00
     5.75   0.00000E+00  0.00000E+00  0.00000E+00
     6.25   0.00000E+00  0.00000E+00  0.00000E+00
     6.75   0.00000E+00  0.00000E+00  0.00000E+00
     7.25   0.00000E+00  0.00000E+00  0.00000E+00
     7.75   0.00000E+00  0.00000E+00  0.00000E+00
     8.25   0.00000E+00  0.00000E+00  0.00000E+00
     8.75   0.00000E+00  0.00000E+00  0.00000E+00
     9.25   0.00000E+00  0.00000E+00  0.00000E+00
     9.75   0.00000E+00  0.00000E+00  0.00000E+00
    10.25   0.00000E+00  0.00000E+00  0.00000E+00
    10.75   0.00000E+00  0.00000E+00  0.00000E+00
    11.25   0.00000E+00  0.00000E+00  0.00000E+00
    11.75   0.00000E+00  0.00000E+00  0.00000E+00
    12.25   0.00000E+00  0.00000E+00  0.00000E+00
    12.75   0.17518E-03  0.00000E+00  0.00000E+00
    13.25   0.23628E-02  0.00000E+00  0.00000E+00
    13.75   0.24233E-02  0.00000E+00  0.00000E+00
    14.25   0.24797E-02  0.00000E+00  0.00000E+00
    14.75   0.25511E-02  0.00000E+00  0.00000E+00
    15.25   0.26086E-02  0.00000E+00  0.00000E+00
    15.75   0.26693E-02  0.00000E+00  0.00000E+00
    16.25   0.27201E-02  0.00000E+00  0.00000E+00
    16.75   0.28024E-02  0.00000E+00  0.00000E+00
    17.25   0.28339E-02  0.00000E+00  0.00000E+00
    17.75   0.28940E-02  0.00000E+00  0.00000E+00
    18.25   0.29595E-02  0.00000E+00  0.00000E+00
    18.75   0.30241E-02  0.00000E+00  0.22011E-03
    19.25   0.30835E-02  0.00000E+00  0.29564E-02
    19.75   0.31271E-02  0.00000E+00  0.30104E-02
    20.25   0.31881E-02  0.00000E+00  0.30605E-02
    20.75   0.32271E-02  0.00000E+00  0.31294E-02
    21.25   0.33244E-02  0.00000E+00  0.31815E-02
    21.75   0.33557E-02  0.00000E+00  0.32380E-02
    22.25   0.34032E-02  0.00000E+00  0.32826E-02
    22.75   0.34663E-02  0.90858E-03  0.33660E-02
    23.25   0.35439E-02  0.33629E-02  0.33882E-02
    23.75   0.35569E-02  0.33824E-02  0.34457E-02
    24.25   0.36694E-02  0.34784E-02  0.35092E-02
    24.75   0.36682E-02  0.34951E-02  0.35720E-02
    25.25   0.37668E-02  0.35761E-02  0.36293E-02
    25.75   0.38030E-02  0.35974E-02  0.36684E-02
    26.25   0.38525E-02  0.36896E-02  0.37271E-02
    26.75   0.39438E-02  0.37157E-02  0.37613E-02
    27.25   0.39230E-02  0.37847E-02  0.38638E-02
    27.75   0.40801E-02  0.38309E-02  0.38886E-02
    28.25   0.40725E-02  0.38911E-02  0.39331E-02
    28.75   0.41126E-02  0.39500E-02  0.39956E-02
    29.25   0.42459E-02  0.39968E-02  0.40763E-02
    29.75   0.42313E-02  0.40447E-02  0.40805E-02
    30.25   0.42736E-02  0.41206E-02  0.42009E-02
    30.75   0.44285E-02  0.41492E-02  0.41893E-02
    31.25   0.44064E-02  0.41927E-02  0.42949E-02
    31.75   0.44284E-02  0.42950E-02  0.43266E-02
    32.25   0.46086E-02  0.43301E-02  0.43746E-02
    32.75   0.45935E-02  0.43660E-02  0.44703E-02
    33.25   0.46117E-02  0.44374E-02  0.44390E-02
    33.75   0.47348E-02  0.44754E-02  0.46094E-02
    34.25   0.48039E-02  0.45547E-02  0.45938E-02
    34.75   0.48047E-02  0.45846E-02  0.46306E-02
    35.25   0.48375E-02  0.46745E-02  0.47741E-02
    35.75   0.50268E-02  0.46804E-02  0.47508E-02
    36.25   0.50107E-02  0.47994E-02  0.47920E-02
    36.75   0.50349E-02  0.47771E-02  0.49597E-02
    37.25   0.51198E-02  0.48714E-02  0.49270E-02
    37.75   0.52568E-02  0.49724E-02  0.49462E-02
    38.25   0.52417E-02  0.49253E-02  0.51415E-02
    38.75   0.52731E-02  0.51149E-02  0.51181E-02
    39.25   0.54161E-02  0.50912E-02  0.51339E-02
    39.75   0.54858E-02  0.50944E-02  0.52645E-02
    40.25   0.54845E-02  0.52999E-02  0.53360E-02
    40.75   0.55760E-02  0.52649E-02  0.53310E-02
    41.25   0.56876E-02  0.52754E-02  0.53619E-02
    41.75   0.57079E-02  0.54593E-02  0.55676E-02
    42.25   0.57521E-02  0.54591E-02  0.55443E-02
    42.75   0.58619E-02  0.54660E-02  0.55646E-02
    43.25   0.59697E-02  0.55737E-02  0.56546E-02
    43.75   0.59523E-02  0.56910E-02  0.58012E-02
    44.25   0.60962E-02  0.56675E-02  0.57801E-02
    44.75   0.61815E-02  0.56957E-02  0.58098E-02
    45.25   0.62060E-02  0.59013E-02  0.59627E-02
    45.75   0.62986E-02  0.58875E-02  0.60360E-02
    46.25   0.64112E-02  0.59035E-02  0.60284E-02
    46.75   0.64750E-02  0.59845E-02  0.61261E-02
    47.25   0.65525E-02  0.61527E-02  0.62439E-02
    47.75   0.66173E-02  0.61257E-02  0.62619E-02
    48.25   0.67329E-02  0.61534E-02  0.63061E-02
    48.75   0.68270E-02  0.62854E-02  0.64238E-02
    49.25   0.69262E-02  0.64075E-02  0.65369E-02
    49.75   0.70068E-02  0.63790E-02  0.65145E-02
    50.25   0.71224E-02  0.64650E-02  0.66683E-02
    50.75   0.72032E-02  0.66005E-02  0.67572E-02
    51.25   0.73284E-02  0.66237E-02  0.67798E-02
    51.75   0.74899E-02  0.66430E-02  0.68784E-02
    52.25   0.75347E-02  0.67973E-02  0.69972E-02
    52.75   0.76873E-02  0.68969E-02  0.70635E-02
    53.25   0.78583E-02  0.68808E-02  0.71442E-02
    53.75   0.79673E-02  0.70250E-02  0.72113E-02
    54.25   0.80818E-02  0.71200E-02  0.73348E-02
    54.75   0.82858E-02  0.71236E-02  0.74320E-02
    55.25   0.84592E-02  0.72741E-02  0.75379E-02
    55.75   0.86856E-02  0.73644E-02  0.76224E-02
    56.25   0.88893E-02  0.74152E-02  0.77447E-02
    56.75   0.90733E-02  0.74922E-02  0.78288E-02
    57.25   0.94547E-02  0.76317E-02  0.79615E-02
    57.75   0.97463E-02  0.77203E-02  0.81343E-02
    58.25   0.10168E-01  0.78067E-02  0.81797E-02
    58.75   0.10766E-01  0.79176E-02  0.83418E-02
    59.25   0.11685E-01  0.79978E-02  0.85246E-02
    59.75   0.14262E-01  0.81377E-02  0.86373E-02
    60.25   0.12337E-01  0.82116E-02  0.87590E-02
    60.75   0.11134E-01  0.83680E-02  0.89771E-02
    61.25   0.10517E-01  0.84442E-02  0.91619E-02
    61.75   0.10104E-01  0.85984E-02  0.94024E-02
    62.25   0.97920E-02  0.87733E-02  0.96193E-02
    62.75   0.95452E-02  0.88365E-02  0.98142E-02
    63.25   0.93413E-02  0.90058E-02  0.10222E-01
    63.75   0.91674E-02  0.92259E-02  0.10534E-01
    64.25   0.90193E-02  0.93755E-02  0.10983E-01
    64.75   0.88881E-02  0.95481E-02  0.11623E-01
    65.25   0.87714E-02  0.97431E-02  0.12605E-01
    65.75   0.86674E-02  0.99518E-02  0.15366E-01
    66.25   0.85743E-02  0.10166E-01  0.13299E-01
    66.75   0.84898E-02  0.10572E-01  0.12005E-01
    67.25   0.84095E-02  0.10745E-01  0.11343E-01
    67.75   0.83404E-02  0.11245E-01  0.10897E-01
    68.25   0.82746E-02  0.11796E-01  0.10563E-01
    68.75   0.82142E-02  0.12443E-01  0.10297E-01
    69.25   0.81571E-02  0.13641E-01  0.10078E-01
    69.75   0.81045E-02  0.16313E-01  0.98919E-02
    70.25   0.80567E-02  0.13645E-01  0.97317E-02
    70.75   0.80115E-02  0.12513E-01  0.95916E-02
    71.25   0.79686E-02  0.11881E-01  0.94674E-02
    71.75   0.79280E-02  0.11443E-01  0.93564E-02
    72.25   0.78905E-02  0.11110E-01  0.92567E-02
    72.75   0.78568E-02  0.10844E-01  0.91663E-02
    73.25   0.78214E-02  0.10623E-01  0.90839E-02
    73.75   0.77930E-02  0.10436E-01  0.90087E-02
    74.25   0.77626E-02  0.10274E-01  0.89397E-02
    74.75   0.77351E-02  0.10133E-01  0.88760E-02
    75.25   0.77090E-02  0.10007E-01  0.88172E-02
    75.75   0.76837E-02  0.98957E-02  0.87631E-02
    76.25   0.76605E-02  0.97954E-02  0.87127E-02
    76.75   0.76393E-02  0.97050E-02  0.86661E-02
    77.25   0.76186E-02  0.96228E-02  0.86227E-02
    77.75   0.75998E-02  0.95481E-02  0.85823E-02
    78.25   0.75812E-02  0.94799E-02  0.85448E-02
    78.75   0.75638E-02  0.94173E-02  0.85098E-02
    79.25   0.75486E-02  0.93601E-02  0.84774E-02
    79.75   0.75321E-02  0.93076E-02  0.84471E-02
    80.25   0.75185E-02  0.92593E-02  0.84190E-02
    80.75   0.75048E-02  0.92149E-02  0.83929E-02
    81.25   0.74928E-02  0.91741E-02  0.83687E-02
    81.75   0.74812E-02  0.91368E-02  0.83462E-02
    82.25   0.74699E-02  0.91025E-02  0.83254E-02
    82.75   0.74607E-02  0.90710E-02  0.83063E-02
    83.25   0.74515E-02  0.90424E-02  0.82888E-02
    83.75   0.74427E-02  0.90163E-02  0.82726E-02
    84.25   0.74349E-02  0.89927E-02  0.82580E-02
    84.75   0.74276E-02  0.89714E-02  0.82448E-02
    85.25   0.74218E-02  0.89522E-02  0.82327E-02
    85.75   0.74146E-02  0.89354E-02  0.82222E-02
    86.25   0.74118E-02  0.89206E-02  0.82128E-02
    86.75   0.74062E-02  0.89075E-02  0.82047E-02
    87.25   0.74020E-02  0.88967E-02  0.81977E-02
    87.75   0.73999E-02  0.88877E-02  0.81920E-02
    88.25   0.73977E-02  0.88805E-02  0.81874E-02
    88.75   0.73941E-02  0.88751E-02  0.81840E-02
    89.25   0.73939E-02  0.88717E-02  0.81818E-02
    89.75   0.73937E-02  0.88698E-02  0.81806E-02
    90.25   0.73928E-02  0.88700E-02  0.81808E-02
    90.75   0.73938E-02  0.88718E-02  0.81818E-02
    91.25   0.73961E-02  0.88753E-02  0.81842E-02
    91.75   0.73971E-02  0.88809E-02  0.81877E-02
    92.25   0.73995E-02  0.88881E-02  0.81924E-02
    92.75   0.74023E-02  0.88973E-02  0.81981E-02
    93.25   0.74073E-02  0.89083E-02  0.82052E-02
    93.75   0.74111E-02  0.89212E-02  0.82132E-02
    94.25   0.74159E-02  0.89364E-02  0.82228E-02
    94.75   0.74225E-02  0.89533E-02  0.82335E-02
    95.25   0.74279E-02  0.89724E-02  0.82455E-02
    95.75   0.74354E-02  0.89940E-02  0.82588E-02
    96.25   0.74430E-02  0.90176E-02  0.82736E-02
    96.75   0.74517E-02  0.90439E-02  0.82898E-02
    97.25   0.74608E-02  0.90727E-02  0.83074E-02
    97.75   0.74717E-02  0.91042E-02  0.83266E-02
    98.25   0.74809E-02  0.91385E-02  0.83475E-02
    98.75   0.74943E-02  0.91763E-02  0.83699E-02
    99.25   0.75061E-02  0.92172E-02  0.83944E-02
    99.75   0.75192E-02  0.92615E-02  0.84206E-02
   100.25   0.75338E-02  0.93101E-02  0.84488E-02
   100.75   0.75491E-02  0.93629E-02  0.84791E-02
   101.25   0.75645E-02  0.94203E-02  0.85118E-02
   101.75   0.75823E-02  0.94830E-02  0.85469E-02
   102.25   0.76010E-02  0.95513E-02  0.85844E-02
   102.75   0.76201E-02  0.96266E-02  0.86251E-02
   103.25   0.76407E-02  0.97089E-02  0.86683E-02
   103.75   0.76624E-02  0.97996E-02  0.87154E-02
   104.25   0.76862E-02  0.99003E-02  0.87658E-02
   104.75   0.77103E-02  0.10012E-01  0.88202E-02
   105.25   0.77364E-02  0.10138E-01  0.88792E-02
   105.75   0.77645E-02  0.10280E-01  0.89429E-02
   106.25   0.77934E-02  0.10442E-01  0.90122E-02
   106.75   0.78244E-02  0.10630E-01  0.90877E-02
   107.25   0.78575E-02  0.10852E-01  0.91703E-02
   107.75   0.78935E-02  0.11119E-01  0.92610E-02
   108.25   0.79307E-02  0.11453E-01  0.93611E-02
   108.75   0.79709E-02  0.11894E-01  0.94725E-02
   109.25   0.80136E-02  0.12529E-01  0.95970E-02
   109.75   0.80590E-02  0.13666E-01  0.97377E-02
   110.25   0.81080E-02  0.16364E-01  0.98985E-02
   110.75   0.81600E-02  0.13660E-01  0.10085E-01
   111.25   0.82166E-02  0.12471E-01  0.10305E-01
   111.75   0.82790E-02  0.11693E-01  0.10572E-01
   112.25   0.83420E-02  0.11227E-01  0.10908E-01
   112.75   0.84158E-02  0.10821E-01  0.11356E-01
   113.25   0.84930E-02  0.10535E-01  0.12021E-01
   113.75   0.85780E-02  0.10173E-01  0.13320E-01
   114.25   0.86725E-02  0.99824E-02  0.15422E-01
   114.75   0.87769E-02  0.97433E-02  0.12608E-01
   115.25   0.88929E-02  0.95333E-02  0.11627E-01
   115.75   0.90238E-02  0.93536E-02  0.11000E-01
   116.25   0.91747E-02  0.91922E-02  0.10524E-01
   116.75   0.93483E-02  0.89988E-02  0.10174E-01
   117.25   0.95523E-02  0.88738E-02  0.98291E-02
   117.75   0.98007E-02  0.87413E-02  0.96231E-02
   118.25   0.10114E-01  0.85919E-02  0.93861E-02
   118.75   0.10530E-01  0.84558E-02  0.91388E-02
   119.25   0.11149E-01  0.83402E-02  0.89656E-02
   119.75   0.12357E-01  0.82649E-02  0.88030E-02
   120.25   0.14313E-01  0.81119E-02  0.86552E-02
   120.75   0.11686E-01  0.79908E-02  0.84478E-02
   121.25   0.10770E-01  0.79134E-02  0.83627E-02
   121.75   0.10184E-01  0.77884E-02  0.81823E-02
   122.25   0.97374E-02  0.77015E-02  0.81014E-02
   122.75   0.94107E-02  0.76243E-02  0.79526E-02
   123.25   0.90847E-02  0.74644E-02  0.78362E-02
   123.75   0.88946E-02  0.74742E-02  0.77189E-02
   124.25   0.86687E-02  0.72924E-02  0.76427E-02
   124.75   0.84385E-02  0.72965E-02  0.75018E-02
   125.25   0.82756E-02  0.71603E-02  0.74582E-02
   125.75   0.81215E-02  0.70317E-02  0.72876E-02
   126.25   0.79826E-02  0.70624E-02  0.72659E-02
   126.75   0.77876E-02  0.69050E-02  0.71105E-02
   127.25   0.77069E-02  0.68047E-02  0.70868E-02
   127.75   0.75373E-02  0.68421E-02  0.69524E-02
   128.25   0.74598E-02  0.66721E-02  0.68660E-02
   128.75   0.73198E-02  0.65769E-02  0.68623E-02
   129.25   0.72099E-02  0.65801E-02  0.66552E-02
   129.75   0.70987E-02  0.65150E-02  0.66935E-02
   130.25   0.70252E-02  0.63530E-02  0.65588E-02
   130.75   0.68928E-02  0.63310E-02  0.64374E-02
   131.25   0.68502E-02  0.63705E-02  0.64600E-02
   131.75   0.66896E-02  0.61359E-02  0.63480E-02
   132.25   0.66677E-02  0.61028E-02  0.62187E-02
   132.75   0.65207E-02  0.61049E-02  0.62100E-02
   133.25   0.64966E-02  0.60439E-02  0.61847E-02
   133.75   0.63697E-02  0.58878E-02  0.60029E-02
   134.25   0.62877E-02  0.58626E-02  0.59777E-02
   134.75   0.62807E-02  0.58852E-02  0.60286E-02
   135.25   0.60880E-02  0.57297E-02  0.57928E-02
   135.75   0.61195E-02  0.56489E-02  0.57583E-02
   136.25   0.59928E-02  0.56424E-02  0.57514E-02
   136.75   0.58787E-02  0.56368E-02  0.57145E-02
   137.25   0.58952E-02  0.54478E-02  0.55498E-02
   137.75   0.57892E-02  0.54249E-02  0.55221E-02
   138.25   0.56691E-02  0.54319E-02  0.55455E-02
   138.75   0.56570E-02  0.53351E-02  0.53988E-02
   139.25   0.56293E-02  0.52281E-02  0.53148E-02
   139.75   0.54601E-02  0.52538E-02  0.53004E-02
   140.25   0.54333E-02  0.51762E-02  0.53117E-02
   140.75   0.54746E-02  0.50428E-02  0.51183E-02
   141.25   0.52583E-02  0.50754E-02  0.50914E-02
   141.75   0.52226E-02  0.49675E-02  0.51031E-02
   142.25   0.52114E-02  0.49083E-02  0.50094E-02
   142.75   0.51738E-02  0.48944E-02  0.48988E-02
   143.25   0.50200E-02  0.48149E-02  0.49058E-02
   143.75   0.49911E-02  0.47293E-02  0.48417E-02
   144.25   0.50071E-02  0.47093E-02  0.47479E-02
   144.75   0.48705E-02  0.46572E-02  0.47118E-02
   145.25   0.47889E-02  0.45998E-02  0.46687E-02
   145.75   0.47727E-02  0.45244E-02  0.45984E-02
   146.25   0.47767E-02  0.44961E-02  0.45512E-02
   146.75   0.45984E-02  0.43924E-02  0.44840E-02
   147.25   0.45698E-02  0.44114E-02  0.44310E-02
   147.75   0.45735E-02  0.42761E-02  0.43947E-02
   148.25   0.44842E-02  0.42894E-02  0.43394E-02
   148.75   0.43811E-02  0.42065E-02  0.42408E-02
   149.25   0.43801E-02  0.41248E-02  0.42064E-02
   149.75   0.43177E-02  0.41449E-02  0.41661E-02
   150.25   0.42289E-02  0.40271E-02  0.40992E-02
   150.75   0.41905E-02  0.39523E-02  0.40592E-02
   151.25   0.41454E-02  0.39458E-02  0.39842E-02
   151.75   0.40768E-02  0.38937E-02  0.39515E-02
   152.25   0.40285E-02  0.38311E-02  0.38678E-02
   152.75   0.39623E-02  0.37648E-02  0.38740E-02
   153.25   0.39089E-02  0.37021E-02  0.37638E-02
   153.75   0.38700E-02  0.36649E-02  0.36946E-02
   154.25   0.38140E-02  0.36280E-02  0.36993E-02
   154.75   0.37201E-02  0.35631E-02  0.36020E-02
   155.25   0.36812E-02  0.34966E-02  0.35425E-02
   155.75   0.36400E-02  0.34110E-02  0.34897E-02
   156.25   0.35728E-02  0.33751E-02  0.34464E-02
   156.75   0.35295E-02  0.33163E-02  0.33956E-02
   157.25   0.34556E-02  0.92818E-03  0.33661E-02
   157.75   0.34186E-02  0.00000E+00  0.32719E-02
   158.25   0.33377E-02  0.00000E+00  0.32057E-02
   158.75   0.33330E-02  0.00000E+00  0.31673E-02
   159.25   0.32290E-02  0.00000E+00  0.31091E-02
   159.75   0.31602E-02  0.00000E+00  0.30762E-02
   160.25   0.31531E-02  0.00000E+00  0.29730E-02
   160.75   0.30600E-02  0.00000E+00  0.29378E-02
   161.25   0.29994E-02  0.00000E+00  0.22784E-03
   161.75   0.29425E-02  0.00000E+00  0.00000E+00
   162.25   0.28949E-02  0.00000E+00  0.00000E+00
   162.75   0.28394E-02  0.00000E+00  0.00000E+00
   163.25   0.28023E-02  0.00000E+00  0.00000E+00
   163.75   0.27109E-02  0.00000E+00  0.00000E+00
   164.25   0.26429E-02  0.00000E+00  0.00000E+00
   164.75   0.25966E-02  0.00000E+00  0.00000E+00
   165.25   0.25346E-02  0.00000E+00  0.00000E+00
   165.75   0.24918E-02  0.00000E+00  0.00000E+00
   166.25   0.23928E-02  0.00000E+00  0.00000E+00
   166.75   0.23466E-02  0.00000E+00  0.00000E+00
   167.25   0.18143E-03  0.00000E+00  0.00000E+00
   167.75   0.00000E+00  0.00000E+00  0.00000E+00
   168.25   0.00000E+00  0.00000E+00  0.00000E+00
   168.75   0.00000E+00  0.00000E+00  0.00000E+00
   169.25   0.00000E+00  0.00000E+00  0.00000E+00
   169.75   0.00000E+00  0.00000E+00  0.00000E+00
   170.25   0.00000E+00  0.00000E+00  0.00000E+00
   170.75   0.00000E+00  0.00000E+00  0.00000E+00
   171.25   0.00000E+00  0.00000E+00  0.00000E+00
   171.75   0.00000E+00  0.00000E+00  0.00000E+00
   172.25   0.00000E+00  0.00000E+00  0.00000E+00
   172.75   0.00000E+00  0.00000E+00  0.00000E+00
   173.25   0.00000E+00  0.00000E+00  0.00000E+00
   173.75   0.00000E+00  0.00000E+00  0.00000E+00
   174.25   0.00000E+00  0.00000E+00  0.00000E+00
   174.75   0.00000E+00  0.00000E+00  0.00000E+00
   175.25   0.00000E+00  0.00000E+00  0.00000E+00
   175.75   0.00000E+00  0.00000E+00  0.00000E+00
   176.25   0.00000E+00  0.00000E+00  0.00000E+00
   176.75   0.00000E+00  0.00000E+00  0.00000E+00
   177.25   0.00000E+00  0.00000E+00  0.00000E+00
   177.75   0.00000E+00  0.00000E+00  0.00000E+00
   178.25   0.00000E+00  0.00000E+00  0.00000E+00
   178.75   0.00000E+00  0.00000E+00  0.00000E+00
   179.25   0.00000E+00  0.00000E+00  0.00000E+00
   179.75   0.00000E+00  0.00000E+00  0.00000E+00
