	Energy	      MSW-LMA BAND		      VACUUM BAND	
Nbins	[MeV]	Pee_MIN		Pee_MAX		Pee_MIN		Pee_MAX
1	0.01	0.542512	0.560536	0.511026	0.564670
2	0.02	0.542234	0.560237	0.511026	0.564670
3	0.03	0.541958	0.559942	0.511026	0.564670
4	0.04	0.541686	0.559644	0.511026	0.564670
5	0.05	0.541410	0.559344	0.511026	0.564670
6	0.06	0.541131	0.559044	0.511026	0.564670
7	0.07	0.540854	0.558747	0.511026	0.564670
8	0.08	0.540579	0.558446	0.511026	0.564670
9	0.09	0.540302	0.558144	0.511026	0.564670
10	0.10	0.540023	0.557844	0.511026	0.564670
11	0.11	0.539744	0.557541	0.511026	0.564670
12	0.12	0.539463	0.557238	0.511026	0.564670
13	0.13	0.539185	0.556935	0.511026	0.564670
14	0.14	0.538907	0.556630	0.511026	0.564670
15	0.15	0.538623	0.556325	0.511026	0.564670
16	0.16	0.538341	0.556019	0.511026	0.564670
17	0.17	0.538063	0.555714	0.511026	0.564670
18	0.18	0.537781	0.555406	0.511026	0.564670
19	0.19	0.537495	0.555098	0.511026	0.564670
20	0.20	0.537210	0.554793	0.511026	0.564670
21	0.21	0.536932	0.554482	0.511026	0.564670
22	0.22	0.536648	0.554172	0.511026	0.564670
23	0.23	0.536360	0.553868	0.511026	0.564670
24	0.24	0.536079	0.553554	0.511026	0.564670
25	0.25	0.535794	0.553242	0.511026	0.564670
26	0.26	0.535503	0.552935	0.511026	0.564670
27	0.27	0.535217	0.552621	0.511026	0.564670
28	0.28	0.534934	0.552307	0.511026	0.564670
29	0.29	0.534646	0.551998	0.511026	0.564670
30	0.30	0.534355	0.551684	0.511026	0.564670
31	0.31	0.534070	0.551368	0.511026	0.564670
32	0.32	0.533784	0.551053	0.511026	0.564670
33	0.33	0.533492	0.550739	0.511026	0.564670
34	0.34	0.533199	0.550421	0.511026	0.564670
35	0.35	0.532912	0.550103	0.511026	0.564670
36	0.36	0.532623	0.549789	0.511026	0.564670
37	0.37	0.532329	0.549470	0.511026	0.564670
38	0.38	0.532037	0.549152	0.511026	0.564670
39	0.39	0.531747	0.548835	0.511026	0.564670
40	0.40	0.531452	0.548514	0.511026	0.564670
41	0.41	0.531159	0.548193	0.511026	0.564670
42	0.42	0.530871	0.547875	0.511026	0.564670
43	0.43	0.530579	0.547553	0.511026	0.564670
44	0.44	0.530280	0.547231	0.511026	0.564670
45	0.45	0.529986	0.546909	0.511026	0.564670
46	0.46	0.529694	0.546587	0.511026	0.564670
47	0.47	0.529395	0.546262	0.511026	0.564670
48	0.48	0.529097	0.545935	0.511026	0.564670
49	0.49	0.528803	0.545614	0.511026	0.564670
50	0.50	0.528508	0.545289	0.511026	0.564670
51	0.51	0.528208	0.544960	0.511026	0.564670
52	0.52	0.527911	0.544639	0.511026	0.564670
53	0.53	0.527616	0.544312	0.511026	0.564670
54	0.54	0.527314	0.543983	0.511026	0.564670
55	0.55	0.527014	0.543658	0.511026	0.564670
56	0.56	0.526720	0.543328	0.511026	0.564670
57	0.57	0.526417	0.542997	0.511026	0.564670
58	0.58	0.526115	0.542671	0.511026	0.564670
59	0.59	0.525818	0.542341	0.511026	0.564670
60	0.60	0.525517	0.542007	0.511026	0.564670
61	0.61	0.525211	0.541679	0.511026	0.564670
62	0.62	0.524911	0.541348	0.511026	0.564670
63	0.63	0.524613	0.541014	0.511026	0.564670
64	0.64	0.524305	0.540682	0.511026	0.564670
65	0.65	0.524001	0.540351	0.511026	0.564670
66	0.66	0.523703	0.540017	0.511026	0.564670
67	0.67	0.523396	0.539683	0.511026	0.564670
68	0.68	0.523091	0.539347	0.511026	0.564670
69	0.69	0.522790	0.539011	0.511026	0.564670
70	0.70	0.522486	0.538676	0.511026	0.564670
71	0.71	0.522178	0.538340	0.511026	0.564670
72	0.72	0.521871	0.538003	0.511026	0.564670
73	0.73	0.521569	0.537667	0.511026	0.564670
74	0.74	0.521261	0.537328	0.511026	0.564670
75	0.75	0.520953	0.536988	0.511026	0.564670
76	0.76	0.520650	0.536653	0.511026	0.564670
77	0.77	0.520339	0.536312	0.511026	0.564670
78	0.78	0.520028	0.535970	0.511026	0.564670
79	0.79	0.519723	0.535634	0.511026	0.564670
80	0.80	0.519412	0.535291	0.511026	0.564670
81	0.81	0.519102	0.534946	0.511026	0.564670
82	0.82	0.518795	0.534610	0.511026	0.564670
83	0.83	0.518484	0.534267	0.511026	0.564670
84	0.84	0.518172	0.533919	0.511026	0.564670
85	0.85	0.517861	0.533582	0.511026	0.564670
86	0.86	0.517551	0.533238	0.511026	0.564670
87	0.87	0.517239	0.532889	0.511026	0.564670
88	0.88	0.516926	0.532551	0.511026	0.564670
89	0.89	0.516617	0.532204	0.511026	0.564670
90	0.90	0.516304	0.531854	0.511026	0.564670
91	0.91	0.515990	0.531512	0.511026	0.564670
92	0.92	0.515679	0.531167	0.511026	0.564670
93	0.93	0.515365	0.530817	0.511026	0.564670
94	0.94	0.515051	0.530470	0.511026	0.564670
95	0.95	0.514736	0.530125	0.511026	0.564670
96	0.96	0.514421	0.529775	0.511026	0.564670
97	0.97	0.514107	0.529425	0.511026	0.564670
98	0.98	0.513793	0.529076	0.511026	0.564670
99	0.99	0.513477	0.528727	0.511026	0.564670
100	1.00	0.513160	0.528380	0.511026	0.564670
101	1.01	0.512843	0.528028	0.511026	0.564670
102	1.02	0.512527	0.527677	0.511026	0.564670
103	1.03	0.512211	0.527329	0.511026	0.564670
104	1.04	0.511895	0.526971	0.511026	0.564670
105	1.05	0.511580	0.526618	0.511026	0.564670
106	1.06	0.511258	0.526271	0.511026	0.564670
107	1.07	0.510940	0.525913	0.511026	0.564670
108	1.08	0.510624	0.525561	0.511026	0.564670
109	1.09	0.510306	0.525211	0.511026	0.564670
110	1.10	0.509985	0.524853	0.511026	0.564670
111	1.11	0.509667	0.524499	0.511026	0.564670
112	1.12	0.509347	0.524147	0.511026	0.564670
113	1.13	0.509028	0.523790	0.511026	0.564670
114	1.14	0.508711	0.523433	0.511026	0.564670
115	1.15	0.508389	0.523077	0.511026	0.564670
116	1.16	0.508065	0.522723	0.511026	0.564670
117	1.17	0.507748	0.522365	0.511026	0.564670
118	1.18	0.507429	0.522005	0.511026	0.564670
119	1.19	0.507106	0.521649	0.511026	0.564670
120	1.20	0.506784	0.521291	0.511026	0.564670
121	1.21	0.506461	0.520932	0.511026	0.564670
122	1.22	0.506140	0.520573	0.511026	0.564670
123	1.23	0.505818	0.520212	0.511026	0.564670
124	1.24	0.505495	0.519855	0.511026	0.564670
125	1.25	0.505173	0.519495	0.511026	0.564670
126	1.26	0.504849	0.519135	0.511026	0.564670
127	1.27	0.504525	0.518775	0.511026	0.564670
128	1.28	0.504204	0.518412	0.511026	0.564670
129	1.29	0.503878	0.518053	0.511026	0.564670
130	1.30	0.503550	0.517690	0.511026	0.564670
131	1.31	0.503230	0.517326	0.511026	0.564670
132	1.32	0.502906	0.516965	0.511026	0.564670
133	1.33	0.502577	0.516603	0.511026	0.564670
134	1.34	0.502255	0.516240	0.511026	0.564670
135	1.35	0.501932	0.515875	0.511026	0.564670
136	1.36	0.501601	0.515511	0.511026	0.564670
137	1.37	0.501276	0.515151	0.511026	0.564670
138	1.38	0.500954	0.514785	0.511026	0.564670
139	1.39	0.500624	0.514420	0.511026	0.564670
140	1.40	0.500299	0.514057	0.511026	0.564670
141	1.41	0.499977	0.513691	0.511026	0.564670
142	1.42	0.499648	0.513322	0.511026	0.564670
143	1.43	0.499318	0.512958	0.511026	0.564670
144	1.44	0.498994	0.512592	0.511026	0.564670
145	1.45	0.498666	0.512225	0.511026	0.564670
146	1.46	0.498337	0.511860	0.511026	0.564670
147	1.47	0.498013	0.511492	0.511026	0.564670
148	1.48	0.497685	0.511127	0.511026	0.564670
149	1.49	0.497353	0.510759	0.511026	0.564670
150	1.50	0.497028	0.510390	0.511026	0.564670
151	1.51	0.496701	0.510024	0.511026	0.564670
152	1.52	0.496370	0.509654	0.511026	0.564670
153	1.53	0.496042	0.509287	0.511026	0.564670
154	1.54	0.495715	0.508919	0.511026	0.564670
155	1.55	0.495383	0.508547	0.511026	0.564670
156	1.56	0.495057	0.508179	0.511026	0.564670
157	1.57	0.494730	0.507810	0.511026	0.564670
158	1.58	0.494396	0.507441	0.511026	0.564670
159	1.59	0.494068	0.507074	0.511026	0.564670
160	1.60	0.493740	0.506701	0.511026	0.564670
161	1.61	0.493405	0.506328	0.511026	0.564670
162	1.62	0.493078	0.505960	0.511026	0.564670
163	1.63	0.492750	0.505590	0.511026	0.564670
164	1.64	0.492415	0.505218	0.511026	0.564670
165	1.65	0.492088	0.504847	0.511026	0.564670
166	1.66	0.491759	0.504476	0.511026	0.564670
167	1.67	0.491424	0.504105	0.511026	0.564670
168	1.68	0.491096	0.503734	0.511026	0.564670
169	1.69	0.490767	0.503361	0.511026	0.564670
170	1.70	0.490433	0.502987	0.511026	0.564670
171	1.71	0.490103	0.502618	0.511026	0.564670
172	1.72	0.489773	0.502244	0.511026	0.564670
173	1.73	0.489441	0.501871	0.511026	0.564670
174	1.74	0.489110	0.501501	0.511026	0.564670
175	1.75	0.488777	0.501125	0.511026	0.564670
176	1.76	0.488447	0.500750	0.511026	0.564670
177	1.77	0.488117	0.500382	0.511026	0.564670
178	1.78	0.487782	0.500007	0.511026	0.564670
179	1.79	0.487451	0.499632	0.511026	0.564670
180	1.80	0.487121	0.499259	0.511026	0.564670
181	1.81	0.486788	0.498884	0.511026	0.564670
182	1.82	0.486456	0.498511	0.511026	0.564670
183	1.83	0.486127	0.498137	0.511026	0.564670
184	1.84	0.485792	0.497765	0.511026	0.564670
185	1.85	0.485460	0.497390	0.511026	0.564670
186	1.86	0.485129	0.497016	0.511026	0.564670
187	1.87	0.484795	0.496639	0.511026	0.564670
188	1.88	0.484465	0.496264	0.511026	0.564670
189	1.89	0.484134	0.495892	0.511026	0.564670
190	1.90	0.483800	0.495516	0.511026	0.564670
191	1.91	0.483468	0.495144	0.511026	0.564670
192	1.92	0.483136	0.494767	0.511026	0.564670
193	1.93	0.482802	0.494392	0.511026	0.564670
194	1.94	0.482471	0.494022	0.511026	0.564670
195	1.95	0.482139	0.493642	0.511026	0.564670
196	1.96	0.481806	0.493267	0.511026	0.564670
197	1.97	0.481474	0.492896	0.511026	0.564670
198	1.98	0.481141	0.492519	0.511026	0.564670
199	1.99	0.480809	0.492144	0.511026	0.564670
200	2.00	0.480474	0.491768	0.511026	0.564670
201	2.01	0.480142	0.491392	0.511026	0.564670
202	2.02	0.479811	0.491021	0.511026	0.564670
203	2.03	0.479475	0.490642	0.511026	0.564670
204	2.04	0.479146	0.490266	0.511026	0.564670
205	2.05	0.478815	0.489891	0.511026	0.564670
206	2.06	0.478477	0.489512	0.511026	0.564670
207	2.07	0.478146	0.489138	0.511026	0.564670
208	2.08	0.477817	0.488763	0.511026	0.564670
209	2.09	0.477483	0.488385	0.511026	0.564670
210	2.10	0.477151	0.488014	0.511026	0.564670
211	2.11	0.476818	0.487641	0.511026	0.564670
212	2.12	0.476485	0.487263	0.511026	0.564670
213	2.13	0.476154	0.486885	0.511026	0.564670
214	2.14	0.475822	0.486511	0.511026	0.564670
215	2.15	0.475490	0.486135	0.511026	0.564670
216	2.16	0.475157	0.485762	0.511026	0.564670
217	2.17	0.474823	0.485388	0.511026	0.564670
218	2.18	0.474491	0.485010	0.511026	0.564670
219	2.19	0.474159	0.484635	0.511026	0.564670
220	2.20	0.473827	0.484260	0.511026	0.564670
221	2.21	0.473496	0.483885	0.511026	0.564670
222	2.22	0.473165	0.483511	0.511026	0.564670
223	2.23	0.472832	0.483135	0.511026	0.564670
224	2.24	0.472502	0.482760	0.511026	0.564670
225	2.25	0.472172	0.482386	0.511026	0.564670
226	2.26	0.471839	0.482014	0.511026	0.564670
227	2.27	0.471508	0.481641	0.511026	0.564670
228	2.28	0.471176	0.481264	0.511026	0.564670
229	2.29	0.470844	0.480890	0.511026	0.564670
230	2.30	0.470515	0.480516	0.511026	0.564670
231	2.31	0.470181	0.480143	0.511026	0.564670
232	2.32	0.469850	0.479769	0.511026	0.564670
233	2.33	0.469521	0.479394	0.511026	0.564670
234	2.34	0.469188	0.479020	0.511026	0.564670
235	2.35	0.468858	0.478645	0.511026	0.564670
236	2.36	0.468529	0.478272	0.511026	0.564670
237	2.37	0.468198	0.477901	0.511026	0.564670
238	2.38	0.467867	0.477529	0.511026	0.564670
239	2.39	0.467536	0.477153	0.511026	0.564670
240	2.40	0.467205	0.476781	0.511026	0.564670
241	2.41	0.466875	0.476409	0.511026	0.564670
242	2.42	0.466546	0.476036	0.511026	0.564670
243	2.43	0.466215	0.475666	0.511026	0.564670
244	2.44	0.465889	0.475292	0.511026	0.564670
245	2.45	0.465558	0.474919	0.511026	0.564670
246	2.46	0.465227	0.474548	0.511026	0.564670
247	2.47	0.464898	0.474175	0.511026	0.564670
248	2.48	0.464568	0.473807	0.511026	0.564670
249	2.49	0.464240	0.473436	0.511026	0.564670
250	2.50	0.463911	0.473061	0.511026	0.564670
251	2.51	0.463583	0.472692	0.511026	0.564670
252	2.52	0.463251	0.472322	0.511026	0.564670
253	2.53	0.462926	0.471950	0.511026	0.564670
254	2.54	0.462598	0.471582	0.511026	0.564670
255	2.55	0.462263	0.471212	0.511026	0.564670
256	2.56	0.461939	0.470841	0.511026	0.564670
257	2.57	0.461616	0.470473	0.511026	0.564670
258	2.58	0.461284	0.470104	0.511026	0.564670
259	2.59	0.460954	0.469736	0.511026	0.564670
260	2.60	0.460631	0.469368	0.511026	0.564670
261	2.61	0.460302	0.468999	0.511026	0.564670
262	2.62	0.459972	0.468630	0.511026	0.564670
263	2.63	0.459650	0.468263	0.511026	0.564670
264	2.64	0.459323	0.467897	0.511026	0.564670
265	2.65	0.458992	0.467527	0.511026	0.564670
266	2.66	0.458669	0.467160	0.511026	0.564670
267	2.67	0.458344	0.466796	0.511026	0.564670
268	2.68	0.458015	0.466429	0.511026	0.564670
269	2.69	0.457690	0.466061	0.511026	0.564670
270	2.70	0.457363	0.465696	0.511026	0.564670
271	2.71	0.457038	0.465330	0.511026	0.564670
272	2.72	0.456714	0.464967	0.511026	0.564670
273	2.73	0.456388	0.464604	0.511026	0.564670
274	2.74	0.456063	0.464240	0.511026	0.564670
275	2.75	0.455738	0.463877	0.511026	0.564670
276	2.76	0.455413	0.463510	0.511026	0.564670
277	2.77	0.455092	0.463147	0.511026	0.564670
278	2.78	0.454767	0.462786	0.511026	0.564670
279	2.79	0.454442	0.462422	0.511026	0.564670
280	2.80	0.454120	0.462062	0.511026	0.564670
281	2.81	0.453795	0.461700	0.511026	0.564670
282	2.82	0.453469	0.461336	0.511026	0.564670
283	2.83	0.453148	0.460979	0.511026	0.564670
284	2.84	0.452827	0.460617	0.511026	0.564670
285	2.85	0.452504	0.460254	0.511026	0.564670
286	2.86	0.452181	0.459897	0.511026	0.564670
287	2.87	0.451858	0.459538	0.511026	0.564670
288	2.88	0.451535	0.459180	0.511026	0.564670
289	2.89	0.451214	0.458821	0.511026	0.564670
290	2.90	0.450891	0.458461	0.511026	0.564670
291	2.91	0.450571	0.458105	0.511026	0.564670
292	2.92	0.450250	0.457747	0.511026	0.564670
293	2.93	0.449926	0.457387	0.511026	0.564670
294	2.94	0.449605	0.457032	0.511026	0.564670
295	2.95	0.449287	0.456678	0.511026	0.564670
296	2.96	0.448965	0.456320	0.511026	0.564670
297	2.97	0.448644	0.455966	0.511026	0.564670
298	2.98	0.448327	0.455612	0.511026	0.564670
299	2.99	0.448008	0.455259	0.511026	0.564670
300	3.00	0.447686	0.454908	0.511026	0.564670
301	3.01	0.447369	0.454552	0.511026	0.564670
302	3.02	0.447053	0.454197	0.511026	0.564670
303	3.03	0.446732	0.453846	0.511026	0.564670
304	3.04	0.446412	0.453494	0.511026	0.564670
305	3.05	0.446093	0.453144	0.511026	0.564670
306	3.06	0.445775	0.452795	0.511026	0.564670
307	3.07	0.445457	0.452442	0.511026	0.564670
308	3.08	0.445140	0.452093	0.511026	0.564670
309	3.09	0.444823	0.451744	0.511026	0.564670
310	3.10	0.444503	0.451397	0.511026	0.564670
311	3.11	0.444186	0.451053	0.511026	0.564670
312	3.12	0.443873	0.450701	0.511026	0.564670
313	3.13	0.443556	0.450353	0.511026	0.564670
314	3.14	0.443238	0.450012	0.511026	0.564670
315	3.15	0.442924	0.449665	0.511026	0.564670
316	3.16	0.442608	0.449319	0.511026	0.564670
317	3.17	0.442291	0.448975	0.511026	0.564670
318	3.18	0.441976	0.448631	0.511026	0.564670
319	3.19	0.441660	0.448290	0.511026	0.564670
320	3.20	0.441347	0.447944	0.511026	0.564670
321	3.21	0.441035	0.447599	0.511026	0.564670
322	3.22	0.440716	0.447261	0.511026	0.564670
323	3.23	0.440401	0.446920	0.511026	0.564670
324	3.24	0.440094	0.446577	0.511026	0.564670
325	3.25	0.439778	0.446241	0.511026	0.564670
326	3.26	0.439460	0.445902	0.511026	0.564670
327	3.27	0.439150	0.445560	0.511026	0.564670
328	3.28	0.438839	0.445223	0.511026	0.564670
329	3.29	0.438525	0.444888	0.511026	0.564670
330	3.30	0.438211	0.444550	0.511026	0.564670
331	3.31	0.437902	0.444211	0.511026	0.564670
332	3.32	0.437589	0.443877	0.511026	0.564670
333	3.33	0.437274	0.443544	0.511026	0.564670
334	3.34	0.436963	0.443207	0.511026	0.564670
335	3.35	0.436655	0.442877	0.511026	0.564670
336	3.36	0.436345	0.442543	0.511026	0.564670
337	3.37	0.436031	0.442209	0.511026	0.564670
338	3.38	0.435719	0.441881	0.511026	0.564670
339	3.39	0.435412	0.441550	0.511026	0.564670
340	3.40	0.435101	0.441219	0.511026	0.564670
341	3.41	0.434789	0.440890	0.511026	0.564670
342	3.42	0.434482	0.440562	0.511026	0.564670
343	3.43	0.434175	0.440233	0.511026	0.564670
344	3.44	0.433862	0.439905	0.511026	0.564670
345	3.45	0.433553	0.439577	0.511026	0.564670
346	3.46	0.433250	0.439251	0.511026	0.564670
347	3.47	0.432937	0.438926	0.511026	0.564670
348	3.48	0.432628	0.438601	0.511026	0.564670
349	3.49	0.432325	0.438278	0.511026	0.564670
350	3.50	0.432016	0.437957	0.511026	0.564670
351	3.51	0.431708	0.437634	0.511026	0.564670
352	3.52	0.431403	0.437313	0.511026	0.564670
353	3.53	0.431095	0.436994	0.511026	0.564670
354	3.54	0.430786	0.436671	0.511026	0.564670
355	3.55	0.430482	0.436352	0.511026	0.564670
356	3.56	0.430177	0.436037	0.511026	0.564670
357	3.57	0.429868	0.435716	0.511026	0.564670
358	3.58	0.429564	0.435397	0.511026	0.564670
359	3.59	0.429260	0.435084	0.511026	0.564670
360	3.60	0.428955	0.434766	0.511026	0.564670
361	3.61	0.428649	0.434450	0.511026	0.564670
362	3.62	0.428343	0.434137	0.511026	0.564670
363	3.63	0.428040	0.433824	0.511026	0.564670
364	3.64	0.427738	0.433512	0.511026	0.564670
365	3.65	0.427431	0.433201	0.511026	0.564670
366	3.66	0.427128	0.432888	0.511026	0.564670
367	3.67	0.426827	0.432578	0.511026	0.564670
368	3.68	0.426523	0.432270	0.511026	0.564670
369	3.69	0.426219	0.431960	0.511026	0.564670
370	3.70	0.425916	0.431651	0.511026	0.564670
371	3.71	0.425615	0.431345	0.511026	0.564670
372	3.72	0.425312	0.431040	0.511026	0.564670
373	3.73	0.425009	0.430735	0.511026	0.564670
374	3.74	0.424709	0.430432	0.511026	0.564670
375	3.75	0.424409	0.430127	0.511026	0.564670
376	3.76	0.424109	0.429821	0.511026	0.564670
377	3.77	0.423806	0.429520	0.511026	0.564670
378	3.78	0.423506	0.429219	0.511026	0.564670
379	3.79	0.423206	0.428917	0.511026	0.564670
380	3.80	0.422907	0.428619	0.511026	0.564670
381	3.81	0.422612	0.428321	0.511026	0.564670
382	3.82	0.422311	0.428020	0.511026	0.564670
383	3.83	0.422010	0.427723	0.511026	0.564670
384	3.84	0.421714	0.427427	0.511026	0.564670
385	3.85	0.421414	0.427130	0.511026	0.564670
386	3.86	0.421114	0.426833	0.511026	0.564670
387	3.87	0.420818	0.426537	0.511026	0.564670
388	3.88	0.420520	0.426246	0.511026	0.564670
389	3.89	0.420225	0.425954	0.511026	0.564670
390	3.90	0.419928	0.425660	0.511026	0.564670
391	3.91	0.419628	0.425370	0.511026	0.564670
392	3.92	0.419334	0.425082	0.511026	0.564670
393	3.93	0.419039	0.424789	0.511026	0.564670
394	3.94	0.418744	0.424498	0.511026	0.564670
395	3.95	0.418450	0.424214	0.511026	0.564670
396	3.96	0.418155	0.423930	0.511026	0.564670
397	3.97	0.417859	0.423638	0.511026	0.564670
398	3.98	0.417563	0.423352	0.511026	0.564670
399	3.99	0.417268	0.423074	0.511026	0.564670
400	4.00	0.416976	0.422787	0.511026	0.564670
401	4.01	0.416686	0.422500	0.511026	0.564670
402	4.02	0.416393	0.422220	0.511026	0.564670
403	4.03	0.416100	0.421938	0.511026	0.564670
404	4.04	0.415807	0.421654	0.511026	0.564670
405	4.05	0.415515	0.421376	0.511026	0.564670
406	4.06	0.415227	0.421099	0.511026	0.564670
407	4.07	0.414935	0.420820	0.511026	0.564670
408	4.08	0.414642	0.420542	0.511026	0.564670
409	4.09	0.414353	0.420265	0.511026	0.564670
410	4.10	0.414063	0.419990	0.511026	0.564670
411	4.11	0.413769	0.419712	0.511026	0.564670
412	4.12	0.413480	0.419437	0.511026	0.564670
413	4.13	0.413198	0.419165	0.511026	0.564670
414	4.14	0.412908	0.418892	0.511026	0.564670
415	4.15	0.412616	0.418619	0.511026	0.564670
416	4.16	0.412330	0.418350	0.511026	0.564670
417	4.17	0.412044	0.418077	0.511026	0.564670
418	4.18	0.411757	0.417806	0.511026	0.564670
419	4.19	0.411469	0.417538	0.511026	0.564670
420	4.20	0.411186	0.417268	0.511026	0.564670
421	4.21	0.410900	0.416999	0.511026	0.564670
422	4.22	0.410610	0.416735	0.511026	0.564670
423	4.23	0.410327	0.416469	0.511026	0.564670
424	4.24	0.410044	0.416201	0.511026	0.564670
425	4.25	0.409758	0.415940	0.511026	0.564670
426	4.26	0.409474	0.415676	0.511026	0.564670
427	4.27	0.409193	0.415411	0.511026	0.564670
428	4.28	0.408913	0.415149	0.511026	0.564670
429	4.29	0.408629	0.414889	0.511026	0.564670
430	4.30	0.408345	0.414628	0.511026	0.564670
431	4.31	0.408064	0.414365	0.511026	0.564670
432	4.32	0.407784	0.414108	0.511026	0.564670
433	4.33	0.407504	0.413849	0.511026	0.564670
434	4.34	0.407225	0.413590	0.511026	0.564670
435	4.35	0.406946	0.413333	0.511026	0.564670
436	4.36	0.406665	0.413077	0.511026	0.564670
437	4.37	0.406384	0.412821	0.511026	0.564670
438	4.38	0.406107	0.412567	0.511026	0.564670
439	4.39	0.405832	0.412313	0.511026	0.564670
440	4.40	0.405554	0.412057	0.511026	0.564670
441	4.41	0.405276	0.411804	0.511026	0.564670
442	4.42	0.404999	0.411556	0.511026	0.564670
443	4.43	0.404723	0.411305	0.511026	0.564670
444	4.44	0.404450	0.411051	0.511026	0.564670
445	4.45	0.404174	0.410799	0.511026	0.564670
446	4.46	0.403899	0.410554	0.511026	0.564670
447	4.47	0.403628	0.410307	0.511026	0.564670
448	4.48	0.403354	0.410057	0.511026	0.564670
449	4.49	0.403076	0.409810	0.511026	0.564670
450	4.50	0.402806	0.409564	0.511026	0.564670
451	4.51	0.402536	0.409317	0.511026	0.564670
452	4.52	0.402263	0.409071	0.511026	0.564670
453	4.53	0.401989	0.408830	0.511026	0.564670
454	4.54	0.401723	0.408585	0.511026	0.564670
455	4.55	0.401455	0.408341	0.511026	0.564670
456	4.56	0.401180	0.408099	0.511026	0.564670
457	4.57	0.400910	0.407858	0.511026	0.564670
458	4.58	0.400646	0.407617	0.511026	0.564670
459	4.59	0.400379	0.407377	0.511026	0.564670
460	4.60	0.400108	0.407137	0.511026	0.564670
461	4.61	0.399839	0.406900	0.511026	0.564670
462	4.62	0.399575	0.406662	0.511026	0.564670
463	4.63	0.399311	0.406421	0.511026	0.564670
464	4.64	0.399042	0.406185	0.511026	0.564670
465	4.65	0.398778	0.405951	0.511026	0.564670
466	4.66	0.398517	0.405717	0.511026	0.564670
467	4.67	0.398252	0.405481	0.511026	0.564670
468	4.68	0.397987	0.405246	0.511026	0.564670
469	4.69	0.397726	0.405012	0.511026	0.564670
470	4.70	0.397466	0.404781	0.511026	0.564670
471	4.71	0.397202	0.404550	0.511026	0.564670
472	4.72	0.396940	0.404319	0.511026	0.564670
473	4.73	0.396681	0.404086	0.511026	0.564670
474	4.74	0.396420	0.403853	0.511026	0.564670
475	4.75	0.396160	0.403626	0.511026	0.564670
476	4.76	0.395901	0.403398	0.511026	0.564670
477	4.77	0.395644	0.403173	0.511026	0.564670
478	4.78	0.395384	0.402945	0.511026	0.564670
479	4.79	0.395126	0.402714	0.511026	0.564670
480	4.80	0.394871	0.402487	0.511026	0.564670
481	4.81	0.394616	0.402264	0.511026	0.564670
482	4.82	0.394360	0.402041	0.511026	0.564670
483	4.83	0.394102	0.401816	0.511026	0.564670
484	4.84	0.393848	0.401592	0.511026	0.564670
485	4.85	0.393596	0.401369	0.511026	0.564670
486	4.86	0.393345	0.401146	0.511026	0.564670
487	4.87	0.393092	0.400925	0.511026	0.564670
488	4.88	0.392836	0.400706	0.511026	0.564670
489	4.89	0.392585	0.400484	0.511026	0.564670
490	4.90	0.392337	0.400263	0.511026	0.564670
491	4.91	0.392086	0.400044	0.511026	0.564670
492	4.92	0.391832	0.399825	0.511026	0.564670
493	4.93	0.391583	0.399609	0.511026	0.564670
494	4.94	0.391339	0.399392	0.511026	0.564670
495	4.95	0.391088	0.399174	0.511026	0.564670
496	4.96	0.390837	0.398956	0.511026	0.564670
497	4.97	0.390590	0.398740	0.511026	0.564670
498	4.98	0.390346	0.398531	0.511026	0.564670
499	4.99	0.390098	0.398318	0.511026	0.564670
500	5.00	0.389851	0.398100	0.511026	0.564670
501	5.01	0.389609	0.397884	0.511026	0.564670
502	5.02	0.389366	0.397676	0.511026	0.564670
503	5.03	0.389121	0.397468	0.511026	0.564670
504	5.04	0.388873	0.397253	0.511026	0.564670
505	5.05	0.388634	0.397038	0.511026	0.564670
506	5.06	0.388395	0.396830	0.511026	0.564670
507	5.07	0.388150	0.396626	0.511026	0.564670
508	5.08	0.387906	0.396421	0.511026	0.564670
509	5.09	0.387668	0.396209	0.511026	0.564670
510	5.10	0.387433	0.395997	0.511026	0.564670
511	5.11	0.387192	0.395793	0.511026	0.564670
512	5.12	0.386949	0.395589	0.511026	0.564670
513	5.13	0.386711	0.395382	0.511026	0.564670
514	5.14	0.386475	0.395178	0.511026	0.564670
515	5.15	0.386239	0.394973	0.511026	0.564670
516	5.16	0.386003	0.394767	0.511026	0.564670
517	5.17	0.385766	0.394564	0.511026	0.564670
518	5.18	0.385529	0.394361	0.511026	0.564670
519	5.19	0.385296	0.394162	0.511026	0.564670
520	5.20	0.385062	0.393962	0.511026	0.564670
521	5.21	0.384831	0.393758	0.511026	0.564670
522	5.22	0.384598	0.393553	0.511026	0.564670
523	5.23	0.384363	0.393356	0.511026	0.564670
524	5.24	0.384133	0.393160	0.511026	0.564670
525	5.25	0.383903	0.392963	0.511026	0.564670
526	5.26	0.383671	0.392765	0.511026	0.564670
527	5.27	0.383439	0.392564	0.511026	0.564670
528	5.28	0.383209	0.392365	0.511026	0.564670
529	5.29	0.382981	0.392171	0.511026	0.564670
530	5.30	0.382753	0.391979	0.511026	0.564670
531	5.31	0.382525	0.391784	0.511026	0.564670
532	5.32	0.382296	0.391587	0.511026	0.564670
533	5.33	0.382071	0.391392	0.511026	0.564670
534	5.34	0.381848	0.391200	0.511026	0.564670
535	5.35	0.381621	0.391009	0.511026	0.564670
536	5.36	0.381395	0.390814	0.511026	0.564670
537	5.37	0.381171	0.390621	0.511026	0.564670
538	5.38	0.380947	0.390433	0.511026	0.564670
539	5.39	0.380726	0.390244	0.511026	0.564670
540	5.40	0.380503	0.390049	0.511026	0.564670
541	5.41	0.380277	0.389859	0.511026	0.564670
542	5.42	0.380057	0.389674	0.511026	0.564670
543	5.43	0.379842	0.389485	0.511026	0.564670
544	5.44	0.379621	0.389297	0.511026	0.564670
545	5.45	0.379396	0.389112	0.511026	0.564670
546	5.46	0.379175	0.388923	0.511026	0.564670
547	5.47	0.378960	0.388735	0.511026	0.564670
548	5.48	0.378746	0.388550	0.511026	0.564670
549	5.49	0.378528	0.388362	0.511026	0.564670
550	5.50	0.378305	0.388182	0.511026	0.564670
551	5.51	0.378089	0.388002	0.511026	0.564670
552	5.52	0.377878	0.387816	0.511026	0.564670
553	5.53	0.377663	0.387630	0.511026	0.564670
554	5.54	0.377447	0.387445	0.511026	0.564670
555	5.55	0.377231	0.387265	0.511026	0.564670
556	5.56	0.377016	0.387088	0.511026	0.564670
557	5.57	0.376807	0.386912	0.511026	0.564670
558	5.58	0.376598	0.386729	0.511026	0.564670
559	5.59	0.376384	0.386541	0.511026	0.564670
560	5.60	0.376171	0.386360	0.511026	0.564670
561	5.61	0.375960	0.386188	0.511026	0.564670
562	5.62	0.375751	0.386013	0.511026	0.564670
563	5.63	0.375545	0.385839	0.511026	0.564670
564	5.64	0.375335	0.385661	0.511026	0.564670
565	5.65	0.375124	0.385477	0.511026	0.564670
566	5.66	0.374915	0.385298	0.511026	0.564670
567	5.67	0.374708	0.385127	0.511026	0.564670
568	5.68	0.374505	0.384955	0.511026	0.564670
569	5.69	0.374303	0.384783	0.511026	0.564670
570	5.70	0.374093	0.384609	0.511026	0.564670
571	5.71	0.373884	0.384431	0.511026	0.564670
572	5.72	0.373678	0.384256	0.511026	0.564670
573	5.73	0.373479	0.384084	0.511026	0.564670
574	5.74	0.373281	0.383914	0.511026	0.564670
575	5.75	0.373076	0.383746	0.511026	0.564670
576	5.76	0.372867	0.383577	0.511026	0.564670
577	5.77	0.372664	0.383404	0.511026	0.564670
578	5.78	0.372466	0.383233	0.511026	0.564670
579	5.79	0.372269	0.383064	0.511026	0.564670
580	5.80	0.372071	0.382894	0.511026	0.564670
581	5.81	0.371867	0.382728	0.511026	0.564670
582	5.82	0.371665	0.382563	0.511026	0.564670
583	5.83	0.371468	0.382392	0.511026	0.564670
584	5.84	0.371275	0.382224	0.511026	0.564670
585	5.85	0.371080	0.382059	0.511026	0.564670
586	5.86	0.370882	0.381894	0.511026	0.564670
587	5.87	0.370684	0.381729	0.511026	0.564670
588	5.88	0.370487	0.381564	0.511026	0.564670
589	5.89	0.370294	0.381401	0.511026	0.564670
590	5.90	0.370102	0.381236	0.511026	0.564670
591	5.91	0.369908	0.381074	0.511026	0.564670
592	5.92	0.369713	0.380913	0.511026	0.564670
593	5.93	0.369519	0.380747	0.511026	0.564670
594	5.94	0.369327	0.380585	0.511026	0.564670
595	5.95	0.369137	0.380429	0.511026	0.564670
596	5.96	0.368947	0.380267	0.511026	0.564670
597	5.97	0.368755	0.380105	0.511026	0.564670
598	5.98	0.368563	0.379946	0.511026	0.564670
599	5.99	0.368373	0.379785	0.511026	0.564670
600	6.00	0.368183	0.379628	0.511026	0.564670
601	6.01	0.368000	0.379474	0.511026	0.564670
602	6.02	0.367815	0.379315	0.511026	0.564670
603	6.03	0.367625	0.379155	0.511026	0.564670
604	6.04	0.367436	0.378997	0.511026	0.564670
605	6.05	0.367248	0.378839	0.511026	0.564670
606	6.06	0.367065	0.378684	0.511026	0.564670
607	6.07	0.366879	0.378532	0.511026	0.564670
608	6.08	0.366693	0.378378	0.511026	0.564670
609	6.09	0.366512	0.378224	0.511026	0.564670
610	6.10	0.366329	0.378068	0.511026	0.564670
611	6.11	0.366145	0.377911	0.511026	0.564670
612	6.12	0.365963	0.377757	0.511026	0.564670
613	6.13	0.365781	0.377606	0.511026	0.564670
614	6.14	0.365599	0.377457	0.511026	0.564670
615	6.15	0.365418	0.377308	0.511026	0.564670
616	6.16	0.365237	0.377156	0.511026	0.564670
617	6.17	0.365056	0.377003	0.511026	0.564670
618	6.18	0.364876	0.376852	0.511026	0.564670
619	6.19	0.364699	0.376701	0.511026	0.564670
620	6.20	0.364521	0.376550	0.511026	0.564670
621	6.21	0.364343	0.376404	0.511026	0.564670
622	6.22	0.364164	0.376260	0.511026	0.564670
623	6.23	0.363986	0.376113	0.511026	0.564670
624	6.24	0.363812	0.375964	0.511026	0.564670
625	6.25	0.363636	0.375812	0.511026	0.564670
626	6.26	0.363460	0.375664	0.511026	0.564670
627	6.27	0.363287	0.375518	0.511026	0.564670
628	6.28	0.363114	0.375374	0.511026	0.564670
629	6.29	0.362941	0.375232	0.511026	0.564670
630	6.30	0.362769	0.375087	0.511026	0.564670
631	6.31	0.362593	0.374941	0.511026	0.564670
632	6.32	0.362418	0.374796	0.511026	0.564670
633	6.33	0.362248	0.374653	0.511026	0.564670
634	6.34	0.362080	0.374512	0.511026	0.564670
635	6.35	0.361911	0.374368	0.511026	0.564670
636	6.36	0.361738	0.374227	0.511026	0.564670
637	6.37	0.361566	0.374085	0.511026	0.564670
638	6.38	0.361397	0.373942	0.511026	0.564670
639	6.39	0.361228	0.373802	0.511026	0.564670
640	6.40	0.361062	0.373662	0.511026	0.564670
641	6.41	0.360897	0.373524	0.511026	0.564670
642	6.42	0.360729	0.373385	0.511026	0.564670
643	6.43	0.360562	0.373243	0.511026	0.564670
644	6.44	0.360395	0.373105	0.511026	0.564670
645	6.45	0.360229	0.372967	0.511026	0.564670
646	6.46	0.360063	0.372828	0.511026	0.564670
647	6.47	0.359898	0.372692	0.511026	0.564670
648	6.48	0.359734	0.372557	0.511026	0.564670
649	6.49	0.359570	0.372421	0.511026	0.564670
650	6.50	0.359407	0.372284	0.511026	0.564670
651	6.51	0.359246	0.372147	0.511026	0.564670
652	6.52	0.359086	0.372010	0.511026	0.564670
653	6.53	0.358923	0.371877	0.511026	0.564670
654	6.54	0.358760	0.371745	0.511026	0.564670
655	6.55	0.358599	0.371610	0.511026	0.564670
656	6.56	0.358439	0.371476	0.511026	0.564670
657	6.57	0.358278	0.371346	0.511026	0.564670
658	6.58	0.358118	0.371213	0.511026	0.564670
659	6.59	0.357961	0.371077	0.511026	0.564670
660	6.60	0.357803	0.370945	0.511026	0.564670
661	6.61	0.357646	0.370814	0.511026	0.564670
662	6.62	0.357488	0.370683	0.511026	0.564670
663	6.63	0.357331	0.370553	0.511026	0.564670
664	6.64	0.357176	0.370424	0.511026	0.564670
665	6.65	0.357020	0.370293	0.511026	0.564670
666	6.66	0.356862	0.370164	0.511026	0.564670
667	6.67	0.356707	0.370037	0.511026	0.564670
668	6.68	0.356554	0.369908	0.511026	0.564670
669	6.69	0.356401	0.369779	0.511026	0.564670
670	6.70	0.356247	0.369649	0.511026	0.564670
671	6.71	0.356096	0.369521	0.511026	0.564670
672	6.72	0.355941	0.369396	0.511026	0.564670
673	6.73	0.355783	0.369270	0.511026	0.564670
674	6.74	0.355633	0.369145	0.511026	0.564670
675	6.75	0.355484	0.369023	0.511026	0.564670
676	6.76	0.355335	0.368896	0.511026	0.564670
677	6.77	0.355187	0.368767	0.511026	0.564670
678	6.78	0.355037	0.368640	0.511026	0.564670
679	6.79	0.354882	0.368516	0.511026	0.564670
680	6.80	0.354731	0.368393	0.511026	0.564670
681	6.81	0.354586	0.368270	0.511026	0.564670
682	6.82	0.354440	0.368147	0.511026	0.564670
683	6.83	0.354292	0.368026	0.511026	0.564670
684	6.84	0.354147	0.367907	0.511026	0.564670
685	6.85	0.353998	0.367785	0.511026	0.564670
686	6.86	0.353845	0.367662	0.511026	0.564670
687	6.87	0.353699	0.367540	0.511026	0.564670
688	6.88	0.353559	0.367419	0.511026	0.564670
689	6.89	0.353415	0.367298	0.511026	0.564670
690	6.90	0.353272	0.367175	0.511026	0.564670
691	6.91	0.353127	0.367055	0.511026	0.564670
692	6.92	0.352980	0.366943	0.511026	0.564670
693	6.93	0.352835	0.366827	0.511026	0.564670
694	6.94	0.352694	0.366709	0.511026	0.564670
695	6.95	0.352554	0.366588	0.511026	0.564670
696	6.96	0.352414	0.366466	0.511026	0.564670
697	6.97	0.352275	0.366350	0.511026	0.564670
698	6.98	0.352131	0.366232	0.511026	0.564670
699	6.99	0.351987	0.366112	0.511026	0.564670
700	7.00	0.351847	0.365997	0.511026	0.564670
701	7.01	0.351708	0.365885	0.511026	0.564670
702	7.02	0.351569	0.365772	0.511026	0.564670
703	7.03	0.351431	0.365657	0.511026	0.564670
704	7.04	0.351293	0.365542	0.511026	0.564670
705	7.05	0.351156	0.365427	0.511026	0.564670
706	7.06	0.351017	0.365313	0.511026	0.564670
707	7.07	0.350878	0.365198	0.511026	0.564670
708	7.08	0.350742	0.365082	0.511026	0.564670
709	7.09	0.350607	0.364969	0.511026	0.564670
710	7.10	0.350470	0.364859	0.511026	0.564670
711	7.11	0.350336	0.364747	0.511026	0.564670
712	7.12	0.350202	0.364637	0.511026	0.564670
713	7.13	0.350065	0.364528	0.511026	0.564670
714	7.14	0.349929	0.364417	0.511026	0.564670
715	7.15	0.349793	0.364305	0.511026	0.564670
716	7.16	0.349662	0.364192	0.511026	0.564670
717	7.17	0.349532	0.364081	0.511026	0.564670
718	7.18	0.349399	0.363970	0.511026	0.564670
719	7.19	0.349268	0.363859	0.511026	0.564670
720	7.20	0.349138	0.363750	0.511026	0.564670
721	7.21	0.349004	0.363644	0.511026	0.564670
722	7.22	0.348870	0.363538	0.511026	0.564670
723	7.23	0.348740	0.363431	0.511026	0.564670
724	7.24	0.348611	0.363324	0.511026	0.564670
725	7.25	0.348481	0.363215	0.511026	0.564670
726	7.26	0.348350	0.363108	0.511026	0.564670
727	7.27	0.348223	0.363002	0.511026	0.564670
728	7.28	0.348096	0.362895	0.511026	0.564670
729	7.29	0.347969	0.362788	0.511026	0.564670
730	7.30	0.347842	0.362678	0.511026	0.564670
731	7.31	0.347715	0.362573	0.511026	0.564670
732	7.32	0.347585	0.362471	0.511026	0.564670
733	7.33	0.347456	0.362371	0.511026	0.564670
734	7.34	0.347329	0.362266	0.511026	0.564670
735	7.35	0.347204	0.362162	0.511026	0.564670
736	7.36	0.347081	0.362061	0.511026	0.564670
737	7.37	0.346958	0.361956	0.511026	0.564670
738	7.38	0.346834	0.361850	0.511026	0.564670
739	7.39	0.346709	0.361747	0.511026	0.564670
740	7.40	0.346584	0.361644	0.511026	0.564670
741	7.41	0.346460	0.361540	0.511026	0.564670
742	7.42	0.346336	0.361439	0.511026	0.564670
743	7.43	0.346211	0.361342	0.511026	0.564670
744	7.44	0.346091	0.361243	0.511026	0.564670
745	7.45	0.345973	0.361143	0.511026	0.564670
746	7.46	0.345851	0.361043	0.511026	0.564670
747	7.47	0.345729	0.360940	0.511026	0.564670
748	7.48	0.345607	0.360838	0.511026	0.564670
749	7.49	0.345487	0.360741	0.511026	0.564670
750	7.50	0.345368	0.360641	0.511026	0.564670
751	7.51	0.345246	0.360538	0.511026	0.564670
752	7.52	0.345126	0.360441	0.511026	0.564670
753	7.53	0.345011	0.360346	0.511026	0.564670
754	7.54	0.344893	0.360252	0.511026	0.564670
755	7.55	0.344772	0.360154	0.511026	0.564670
756	7.56	0.344654	0.360056	0.511026	0.564670
757	7.57	0.344538	0.359957	0.511026	0.564670
758	7.58	0.344423	0.359861	0.511026	0.564670
759	7.59	0.344307	0.359765	0.511026	0.564670
760	7.60	0.344189	0.359668	0.511026	0.564670
761	7.61	0.344072	0.359570	0.511026	0.564670
762	7.62	0.343957	0.359476	0.511026	0.564670
763	7.63	0.343840	0.359384	0.511026	0.564670
764	7.64	0.343725	0.359291	0.511026	0.564670
765	7.65	0.343612	0.359196	0.511026	0.564670
766	7.66	0.343500	0.359100	0.511026	0.564670
767	7.67	0.343388	0.359008	0.511026	0.564670
768	7.68	0.343273	0.358915	0.511026	0.564670
769	7.69	0.343161	0.358821	0.511026	0.564670
770	7.70	0.343048	0.358727	0.511026	0.564670
771	7.71	0.342931	0.358635	0.511026	0.564670
772	7.72	0.342819	0.358540	0.511026	0.564670
773	7.73	0.342710	0.358448	0.511026	0.564670
774	7.74	0.342598	0.358361	0.511026	0.564670
775	7.75	0.342488	0.358271	0.511026	0.564670
776	7.76	0.342381	0.358178	0.511026	0.564670
777	7.77	0.342270	0.358087	0.511026	0.564670
778	7.78	0.342159	0.357997	0.511026	0.564670
779	7.79	0.342051	0.357907	0.511026	0.564670
780	7.80	0.341941	0.357816	0.511026	0.564670
781	7.81	0.341830	0.357726	0.511026	0.564670
782	7.82	0.341719	0.357638	0.511026	0.564670
783	7.83	0.341612	0.357548	0.511026	0.564670
784	7.84	0.341506	0.357457	0.511026	0.564670
785	7.85	0.341399	0.357372	0.511026	0.564670
786	7.86	0.341292	0.357289	0.511026	0.564670
787	7.87	0.341185	0.357201	0.511026	0.564670
788	7.88	0.341081	0.357111	0.511026	0.564670
789	7.89	0.340980	0.357021	0.511026	0.564670
790	7.90	0.340872	0.356933	0.511026	0.564670
791	7.91	0.340762	0.356844	0.511026	0.564670
792	7.92	0.340654	0.356757	0.511026	0.564670
793	7.93	0.340550	0.356672	0.511026	0.564670
794	7.94	0.340446	0.356589	0.511026	0.564670
795	7.95	0.340342	0.356503	0.511026	0.564670
796	7.96	0.340239	0.356417	0.511026	0.564670
797	7.97	0.340137	0.356336	0.511026	0.564670
798	7.98	0.340036	0.356253	0.511026	0.564670
799	7.99	0.339933	0.356169	0.511026	0.564670
800	8.00	0.339830	0.356085	0.511026	0.564670
801	8.01	0.339725	0.355998	0.511026	0.564670
802	8.02	0.339623	0.355910	0.511026	0.564670
803	8.03	0.339523	0.355822	0.511026	0.564670
804	8.04	0.339423	0.355739	0.511026	0.564670
805	8.05	0.339322	0.355659	0.511026	0.564670
806	8.06	0.339222	0.355579	0.511026	0.564670
807	8.07	0.339119	0.355499	0.511026	0.564670
808	8.08	0.339019	0.355418	0.511026	0.564670
809	8.09	0.338923	0.355336	0.511026	0.564670
810	8.10	0.338824	0.355256	0.511026	0.564670
811	8.11	0.338725	0.355174	0.511026	0.564670
812	8.12	0.338626	0.355091	0.511026	0.564670
813	8.13	0.338526	0.355009	0.511026	0.564670
814	8.14	0.338427	0.354928	0.511026	0.564670
815	8.15	0.338330	0.354849	0.511026	0.564670
816	8.16	0.338233	0.354769	0.511026	0.564670
817	8.17	0.338135	0.354689	0.511026	0.564670
818	8.18	0.338038	0.354609	0.511026	0.564670
819	8.19	0.337943	0.354527	0.511026	0.564670
820	8.20	0.337849	0.354450	0.511026	0.564670
821	8.21	0.337753	0.354376	0.511026	0.564670
822	8.22	0.337656	0.354298	0.511026	0.564670
823	8.23	0.337562	0.354219	0.511026	0.564670
824	8.24	0.337466	0.354140	0.511026	0.564670
825	8.25	0.337369	0.354062	0.511026	0.564670
826	8.26	0.337275	0.353985	0.511026	0.564670
827	8.27	0.337181	0.353908	0.511026	0.564670
828	8.28	0.337087	0.353830	0.511026	0.564670
829	8.29	0.336995	0.353754	0.511026	0.564670
830	8.30	0.336904	0.353678	0.511026	0.564670
831	8.31	0.336811	0.353601	0.511026	0.564670
832	8.32	0.336718	0.353525	0.511026	0.564670
833	8.33	0.336626	0.353452	0.511026	0.564670
834	8.34	0.336534	0.353377	0.511026	0.564670
835	8.35	0.336443	0.353301	0.511026	0.564670
836	8.36	0.336350	0.353224	0.511026	0.564670
837	8.37	0.336259	0.353149	0.511026	0.564670
838	8.38	0.336169	0.353075	0.511026	0.564670
839	8.39	0.336078	0.353000	0.511026	0.564670
840	8.40	0.335989	0.352926	0.511026	0.564670
841	8.41	0.335897	0.352853	0.511026	0.564670
842	8.42	0.335806	0.352780	0.511026	0.564670
843	8.43	0.335716	0.352708	0.511026	0.564670
844	8.44	0.335628	0.352637	0.511026	0.564670
845	8.45	0.335542	0.352564	0.511026	0.564670
846	8.46	0.335456	0.352491	0.511026	0.564670
847	8.47	0.335371	0.352417	0.511026	0.564670
848	8.48	0.335282	0.352344	0.511026	0.564670
849	8.49	0.335190	0.352274	0.511026	0.564670
850	8.50	0.335103	0.352203	0.511026	0.564670
851	8.51	0.335017	0.352130	0.511026	0.564670
852	8.52	0.334927	0.352058	0.511026	0.564670
853	8.53	0.334838	0.351988	0.511026	0.564670
854	8.54	0.334751	0.351917	0.511026	0.564670
855	8.55	0.334667	0.351847	0.511026	0.564670
856	8.56	0.334584	0.351778	0.511026	0.564670
857	8.57	0.334500	0.351709	0.511026	0.564670
858	8.58	0.334416	0.351638	0.511026	0.564670
859	8.59	0.334335	0.351570	0.511026	0.564670
860	8.60	0.334250	0.351504	0.511026	0.564670
861	8.61	0.334164	0.351435	0.511026	0.564670
862	8.62	0.334079	0.351363	0.511026	0.564670
863	8.63	0.333992	0.351292	0.511026	0.564670
864	8.64	0.333907	0.351228	0.511026	0.564670
865	8.65	0.333824	0.351160	0.511026	0.564670
866	8.66	0.333739	0.351088	0.511026	0.564670
867	8.67	0.333654	0.351020	0.511026	0.564670
868	8.68	0.333575	0.350952	0.511026	0.564670
869	8.69	0.333496	0.350885	0.511026	0.564670
870	8.70	0.333417	0.350818	0.511026	0.564670
871	8.71	0.333340	0.350751	0.511026	0.564670
872	8.72	0.333257	0.350686	0.511026	0.564670
873	8.73	0.333174	0.350621	0.511026	0.564670
874	8.74	0.333092	0.350556	0.511026	0.564670
875	8.75	0.333009	0.350492	0.511026	0.564670
876	8.76	0.332926	0.350426	0.511026	0.564670
877	8.77	0.332843	0.350360	0.511026	0.564670
878	8.78	0.332763	0.350296	0.511026	0.564670
879	8.79	0.332686	0.350232	0.511026	0.564670
880	8.80	0.332608	0.350165	0.511026	0.564670
881	8.81	0.332529	0.350097	0.511026	0.564670
882	8.82	0.332452	0.350031	0.511026	0.564670
883	8.83	0.332379	0.349967	0.511026	0.564670
884	8.84	0.332303	0.349902	0.511026	0.564670
885	8.85	0.332221	0.349836	0.511026	0.564670
886	8.86	0.332139	0.349773	0.511026	0.564670
887	8.87	0.332060	0.349713	0.511026	0.564670
888	8.88	0.331985	0.349652	0.511026	0.564670
889	8.89	0.331907	0.349589	0.511026	0.564670
890	8.90	0.331828	0.349527	0.511026	0.564670
891	8.91	0.331752	0.349467	0.511026	0.564670
892	8.92	0.331676	0.349404	0.511026	0.564670
893	8.93	0.331601	0.349342	0.511026	0.564670
894	8.94	0.331526	0.349282	0.511026	0.564670
895	8.95	0.331452	0.349221	0.511026	0.564670
896	8.96	0.331378	0.349158	0.511026	0.564670
897	8.97	0.331302	0.349094	0.511026	0.564670
898	8.98	0.331227	0.349032	0.511026	0.564670
899	8.99	0.331152	0.348969	0.511026	0.564670
900	9.00	0.331076	0.348908	0.511026	0.564670
901	9.01	0.331001	0.348846	0.511026	0.564670
902	9.02	0.330927	0.348787	0.511026	0.564670
903	9.03	0.330854	0.348730	0.511026	0.564670
904	9.04	0.330781	0.348668	0.511026	0.564670
905	9.05	0.330707	0.348607	0.511026	0.564670
906	9.06	0.330634	0.348549	0.511026	0.564670
907	9.07	0.330562	0.348490	0.511026	0.564670
908	9.08	0.330490	0.348432	0.511026	0.564670
909	9.09	0.330420	0.348374	0.511026	0.564670
910	9.10	0.330349	0.348317	0.511026	0.564670
911	9.11	0.330274	0.348260	0.511026	0.564670
912	9.12	0.330201	0.348201	0.511026	0.564670
913	9.13	0.330130	0.348141	0.511026	0.564670
914	9.14	0.330057	0.348081	0.511026	0.564670
915	9.15	0.329986	0.348024	0.511026	0.564670
916	9.16	0.329915	0.347967	0.511026	0.564670
917	9.17	0.329846	0.347911	0.511026	0.564670
918	9.18	0.329778	0.347854	0.511026	0.564670
919	9.19	0.329709	0.347795	0.511026	0.564670
920	9.20	0.329638	0.347737	0.511026	0.564670
921	9.21	0.329566	0.347679	0.511026	0.564670
922	9.22	0.329499	0.347622	0.511026	0.564670
923	9.23	0.329431	0.347567	0.511026	0.564670
924	9.24	0.329364	0.347513	0.511026	0.564670
925	9.25	0.329298	0.347457	0.511026	0.564670
926	9.26	0.329229	0.347401	0.511026	0.564670
927	9.27	0.329158	0.347345	0.511026	0.564670
928	9.28	0.329087	0.347290	0.511026	0.564670
929	9.29	0.329017	0.347237	0.511026	0.564670
930	9.30	0.328949	0.347184	0.511026	0.564670
931	9.31	0.328881	0.347125	0.511026	0.564670
932	9.32	0.328816	0.347068	0.511026	0.564670
933	9.33	0.328751	0.347016	0.511026	0.564670
934	9.34	0.328684	0.346963	0.511026	0.564670
935	9.35	0.328617	0.346911	0.511026	0.564670
936	9.36	0.328551	0.346857	0.511026	0.564670
937	9.37	0.328485	0.346802	0.511026	0.564670
938	9.38	0.328419	0.346748	0.511026	0.564670
939	9.39	0.328355	0.346695	0.511026	0.564670
940	9.40	0.328293	0.346642	0.511026	0.564670
941	9.41	0.328228	0.346591	0.511026	0.564670
942	9.42	0.328162	0.346539	0.511026	0.564670
943	9.43	0.328095	0.346484	0.511026	0.564670
944	9.44	0.328027	0.346430	0.511026	0.564670
945	9.45	0.327962	0.346377	0.511026	0.564670
946	9.46	0.327900	0.346324	0.511026	0.564670
947	9.47	0.327838	0.346273	0.511026	0.564670
948	9.48	0.327775	0.346221	0.511026	0.564670
949	9.49	0.327710	0.346171	0.511026	0.564670
950	9.50	0.327644	0.346118	0.511026	0.564670
951	9.51	0.327581	0.346064	0.511026	0.564670
952	9.52	0.327522	0.346014	0.511026	0.564670
953	9.53	0.327460	0.345963	0.511026	0.564670
954	9.54	0.327398	0.345912	0.511026	0.564670
955	9.55	0.327336	0.345863	0.511026	0.564670
956	9.56	0.327271	0.345813	0.511026	0.564670
957	9.57	0.327207	0.345763	0.511026	0.564670
958	9.58	0.327145	0.345717	0.511026	0.564670
959	9.59	0.327085	0.345669	0.511026	0.564670
960	9.60	0.327025	0.345620	0.511026	0.564670
961	9.61	0.326964	0.345571	0.511026	0.564670
962	9.62	0.326904	0.345518	0.511026	0.564670
963	9.63	0.326842	0.345465	0.511026	0.564670
964	9.64	0.326778	0.345415	0.511026	0.564670
965	9.65	0.326717	0.345367	0.511026	0.564670
966	9.66	0.326658	0.345320	0.511026	0.564670
967	9.67	0.326601	0.345272	0.511026	0.564670
968	9.68	0.326544	0.345224	0.511026	0.564670
969	9.69	0.326485	0.345176	0.511026	0.564670
970	9.70	0.326425	0.345126	0.511026	0.564670
971	9.71	0.326366	0.345077	0.511026	0.564670
972	9.72	0.326305	0.345029	0.511026	0.564670
973	9.73	0.326242	0.344979	0.511026	0.564670
974	9.74	0.326182	0.344931	0.511026	0.564670
975	9.75	0.326127	0.344886	0.511026	0.564670
976	9.76	0.326069	0.344838	0.511026	0.564670
977	9.77	0.326012	0.344792	0.511026	0.564670
978	9.78	0.325956	0.344750	0.511026	0.564670
979	9.79	0.325899	0.344704	0.511026	0.564670
980	9.80	0.325839	0.344656	0.511026	0.564670
981	9.81	0.325779	0.344610	0.511026	0.564670
982	9.82	0.325725	0.344566	0.511026	0.564670
983	9.83	0.325671	0.344519	0.511026	0.564670
984	9.84	0.325615	0.344470	0.511026	0.564670
985	9.85	0.325558	0.344423	0.511026	0.564670
986	9.86	0.325500	0.344376	0.511026	0.564670
987	9.87	0.325442	0.344331	0.511026	0.564670
988	9.88	0.325388	0.344289	0.511026	0.564670
989	9.89	0.325332	0.344246	0.511026	0.564670
990	9.90	0.325272	0.344200	0.511026	0.564670
991	9.91	0.325214	0.344154	0.511026	0.564670
992	9.92	0.325159	0.344108	0.511026	0.564670
993	9.93	0.325105	0.344063	0.511026	0.564670
994	9.94	0.325052	0.344018	0.511026	0.564670
995	9.95	0.325000	0.343973	0.511026	0.564670
996	9.96	0.324945	0.343930	0.511026	0.564670
997	9.97	0.324890	0.343886	0.511026	0.564670
998	9.98	0.324835	0.343841	0.511026	0.564670
999	9.99	0.324782	0.343798	0.511026	0.564670
1000	10.00	0.324731	0.343755	0.511026	0.564670
1001	10.01	0.324680	0.343711	0.511026	0.564670
1002	10.02	0.324627	0.343670	0.511026	0.564670
1003	10.03	0.324572	0.343627	0.511026	0.564670
1004	10.04	0.324517	0.343585	0.511026	0.564670
1005	10.05	0.324463	0.343541	0.511026	0.564670
1006	10.06	0.324409	0.343498	0.511026	0.564670
1007	10.07	0.324354	0.343456	0.511026	0.564670
1008	10.08	0.324301	0.343413	0.511026	0.564670
1009	10.09	0.324249	0.343370	0.511026	0.564670
1010	10.10	0.324195	0.343329	0.511026	0.564670
1011	10.11	0.324143	0.343289	0.511026	0.564670
1012	10.12	0.324092	0.343247	0.511026	0.564670
1013	10.13	0.324042	0.343204	0.511026	0.564670
1014	10.14	0.323990	0.343161	0.511026	0.564670
1015	10.15	0.323940	0.343120	0.511026	0.564670
1016	10.16	0.323891	0.343077	0.511026	0.564670
1017	10.17	0.323841	0.343035	0.511026	0.564670
1018	10.18	0.323790	0.342996	0.511026	0.564670
1019	10.19	0.323740	0.342955	0.511026	0.564670
1020	10.20	0.323687	0.342914	0.511026	0.564670
1021	10.21	0.323636	0.342874	0.511026	0.564670
1022	10.22	0.323587	0.342834	0.511026	0.564670
1023	10.23	0.323537	0.342793	0.511026	0.564670
1024	10.24	0.323487	0.342754	0.511026	0.564670
1025	10.25	0.323438	0.342716	0.511026	0.564670
1026	10.26	0.323388	0.342677	0.511026	0.564670
1027	10.27	0.323337	0.342638	0.511026	0.564670
1028	10.28	0.323286	0.342597	0.511026	0.564670
1029	10.29	0.323236	0.342556	0.511026	0.564670
1030	10.30	0.323189	0.342516	0.511026	0.564670
1031	10.31	0.323141	0.342476	0.511026	0.564670
1032	10.32	0.323093	0.342438	0.511026	0.564670
1033	10.33	0.323046	0.342400	0.511026	0.564670
1034	10.34	0.322999	0.342359	0.511026	0.564670
1035	10.35	0.322951	0.342321	0.511026	0.564670
1036	10.36	0.322902	0.342284	0.511026	0.564670
1037	10.37	0.322853	0.342245	0.511026	0.564670
1038	10.38	0.322806	0.342204	0.511026	0.564670
1039	10.39	0.322759	0.342167	0.511026	0.564670
1040	10.40	0.322711	0.342131	0.511026	0.564670
1041	10.41	0.322662	0.342093	0.511026	0.564670
1042	10.42	0.322616	0.342052	0.511026	0.564670
1043	10.43	0.322568	0.342011	0.511026	0.564670
1044	10.44	0.322521	0.341976	0.511026	0.564670
1045	10.45	0.322475	0.341941	0.511026	0.564670
1046	10.46	0.322429	0.341904	0.511026	0.564670
1047	10.47	0.322382	0.341868	0.511026	0.564670
1048	10.48	0.322336	0.341831	0.511026	0.564670
1049	10.49	0.322291	0.341794	0.511026	0.564670
1050	10.50	0.322246	0.341758	0.511026	0.564670
1051	10.51	0.322200	0.341721	0.511026	0.564670
1052	10.52	0.322153	0.341685	0.511026	0.564670
1053	10.53	0.322107	0.341651	0.511026	0.564670
1054	10.54	0.322064	0.341614	0.511026	0.564670
1055	10.55	0.322021	0.341577	0.511026	0.564670
1056	10.56	0.321978	0.341542	0.511026	0.564670
1057	10.57	0.321932	0.341506	0.511026	0.564670
1058	10.58	0.321887	0.341470	0.511026	0.564670
1059	10.59	0.321842	0.341434	0.511026	0.564670
1060	10.60	0.321797	0.341397	0.511026	0.564670
1061	10.61	0.321753	0.341361	0.511026	0.564670
1062	10.62	0.321709	0.341326	0.511026	0.564670
1063	10.63	0.321666	0.341290	0.511026	0.564670
1064	10.64	0.321622	0.341253	0.511026	0.564670
1065	10.65	0.321578	0.341216	0.511026	0.564670
1066	10.66	0.321532	0.341181	0.511026	0.564670
1067	10.67	0.321486	0.341149	0.511026	0.564670
1068	10.68	0.321444	0.341116	0.511026	0.564670
1069	10.69	0.321402	0.341081	0.511026	0.564670
1070	10.70	0.321358	0.341046	0.511026	0.564670
1071	10.71	0.321314	0.341011	0.511026	0.564670
1072	10.72	0.321271	0.340976	0.511026	0.564670
1073	10.73	0.321229	0.340944	0.511026	0.564670
1074	10.74	0.321189	0.340913	0.511026	0.564670
1075	10.75	0.321145	0.340881	0.511026	0.564670
1076	10.76	0.321102	0.340846	0.511026	0.564670
1077	10.77	0.321061	0.340812	0.511026	0.564670
1078	10.78	0.321022	0.340776	0.511026	0.564670
1079	10.79	0.320981	0.340743	0.511026	0.564670
1080	10.80	0.320941	0.340712	0.511026	0.564670
1081	10.81	0.320902	0.340680	0.511026	0.564670
1082	10.82	0.320861	0.340646	0.511026	0.564670
1083	10.83	0.320820	0.340612	0.511026	0.564670
1084	10.84	0.320778	0.340580	0.511026	0.564670
1085	10.85	0.320737	0.340550	0.511026	0.564670
1086	10.86	0.320696	0.340519	0.511026	0.564670
1087	10.87	0.320656	0.340486	0.511026	0.564670
1088	10.88	0.320617	0.340453	0.511026	0.564670
1089	10.89	0.320576	0.340421	0.511026	0.564670
1090	10.90	0.320534	0.340387	0.511026	0.564670
1091	10.91	0.320491	0.340353	0.511026	0.564670
1092	10.92	0.320448	0.340321	0.511026	0.564670
1093	10.93	0.320407	0.340289	0.511026	0.564670
1094	10.94	0.320366	0.340257	0.511026	0.564670
1095	10.95	0.320326	0.340227	0.511026	0.564670
1096	10.96	0.320288	0.340195	0.511026	0.564670
1097	10.97	0.320249	0.340162	0.511026	0.564670
1098	10.98	0.320210	0.340129	0.511026	0.564670
1099	10.99	0.320171	0.340097	0.511026	0.564670
1100	11.00	0.320132	0.340068	0.511026	0.564670
1101	11.01	0.320093	0.340038	0.511026	0.564670
1102	11.02	0.320055	0.340009	0.511026	0.564670
1103	11.03	0.320018	0.339979	0.511026	0.564670
1104	11.04	0.319982	0.339950	0.511026	0.564670
1105	11.05	0.319945	0.339920	0.511026	0.564670
1106	11.06	0.319908	0.339888	0.511026	0.564670
1107	11.07	0.319871	0.339857	0.511026	0.564670
1108	11.08	0.319834	0.339827	0.511026	0.564670
1109	11.09	0.319798	0.339798	0.511026	0.564670
1110	11.10	0.319762	0.339770	0.511026	0.564670
1111	11.11	0.319724	0.339740	0.511026	0.564670
1112	11.12	0.319686	0.339710	0.511026	0.564670
1113	11.13	0.319649	0.339680	0.511026	0.564670
1114	11.14	0.319611	0.339649	0.511026	0.564670
1115	11.15	0.319571	0.339620	0.511026	0.564670
1116	11.16	0.319533	0.339591	0.511026	0.564670
1117	11.17	0.319494	0.339562	0.511026	0.564670
1118	11.18	0.319456	0.339531	0.511026	0.564670
1119	11.19	0.319417	0.339503	0.511026	0.564670
1120	11.20	0.319381	0.339475	0.511026	0.564670
1121	11.21	0.319346	0.339448	0.511026	0.564670
1122	11.22	0.319308	0.339419	0.511026	0.564670
1123	11.23	0.319270	0.339390	0.511026	0.564670
1124	11.24	0.319234	0.339361	0.511026	0.564670
1125	11.25	0.319198	0.339332	0.511026	0.564670
1126	11.26	0.319164	0.339303	0.511026	0.564670
1127	11.27	0.319129	0.339274	0.511026	0.564670
1128	11.28	0.319095	0.339245	0.511026	0.564670
1129	11.29	0.319064	0.339215	0.511026	0.564670
1130	11.30	0.319033	0.339185	0.511026	0.564670
1131	11.31	0.318998	0.339157	0.511026	0.564670
1132	11.32	0.318962	0.339130	0.511026	0.564670
1133	11.33	0.318925	0.339105	0.511026	0.564670
1134	11.34	0.318889	0.339080	0.511026	0.564670
1135	11.35	0.318853	0.339052	0.511026	0.564670
1136	11.36	0.318817	0.339024	0.511026	0.564670
1137	11.37	0.318783	0.338997	0.511026	0.564670
1138	11.38	0.318749	0.338969	0.511026	0.564670
1139	11.39	0.318716	0.338942	0.511026	0.564670
1140	11.40	0.318684	0.338914	0.511026	0.564670
1141	11.41	0.318651	0.338889	0.511026	0.564670
1142	11.42	0.318616	0.338865	0.511026	0.564670
1143	11.43	0.318581	0.338840	0.511026	0.564670
1144	11.44	0.318547	0.338816	0.511026	0.564670
1145	11.45	0.318513	0.338790	0.511026	0.564670
1146	11.46	0.318481	0.338763	0.511026	0.564670
1147	11.47	0.318448	0.338737	0.511026	0.564670
1148	11.48	0.318414	0.338712	0.511026	0.564670
1149	11.49	0.318379	0.338686	0.511026	0.564670
1150	11.50	0.318345	0.338659	0.511026	0.564670
1151	11.51	0.318311	0.338632	0.511026	0.564670
1152	11.52	0.318278	0.338605	0.511026	0.564670
1153	11.53	0.318245	0.338579	0.511026	0.564670
1154	11.54	0.318212	0.338552	0.511026	0.564670
1155	11.55	0.318180	0.338524	0.511026	0.564670
1156	11.56	0.318150	0.338497	0.511026	0.564670
1157	11.57	0.318120	0.338472	0.511026	0.564670
1158	11.58	0.318088	0.338447	0.511026	0.564670
1159	11.59	0.318057	0.338422	0.511026	0.564670
1160	11.60	0.318025	0.338397	0.511026	0.564670
1161	11.61	0.317994	0.338371	0.511026	0.564670
1162	11.62	0.317963	0.338345	0.511026	0.564670
1163	11.63	0.317929	0.338320	0.511026	0.564670
1164	11.64	0.317896	0.338295	0.511026	0.564670
1165	11.65	0.317865	0.338272	0.511026	0.564670
1166	11.66	0.317834	0.338247	0.511026	0.564670
1167	11.67	0.317802	0.338221	0.511026	0.564670
1168	11.68	0.317769	0.338197	0.511026	0.564670
1169	11.69	0.317739	0.338173	0.511026	0.564670
1170	11.70	0.317709	0.338149	0.511026	0.564670
1171	11.71	0.317678	0.338126	0.511026	0.564670
1172	11.72	0.317648	0.338102	0.511026	0.564670
1173	11.73	0.317618	0.338078	0.511026	0.564670
1174	11.74	0.317587	0.338055	0.511026	0.564670
1175	11.75	0.317556	0.338032	0.511026	0.564670
1176	11.76	0.317527	0.338008	0.511026	0.564670
1177	11.77	0.317496	0.337985	0.511026	0.564670
1178	11.78	0.317467	0.337960	0.511026	0.564670
1179	11.79	0.317440	0.337938	0.511026	0.564670
1180	11.80	0.317410	0.337916	0.511026	0.564670
1181	11.81	0.317379	0.337894	0.511026	0.564670
1182	11.82	0.317349	0.337873	0.511026	0.564670
1183	11.83	0.317319	0.337851	0.511026	0.564670
1184	11.84	0.317288	0.337828	0.511026	0.564670
1185	11.85	0.317258	0.337805	0.511026	0.564670
1186	11.86	0.317229	0.337782	0.511026	0.564670
1187	11.87	0.317200	0.337760	0.511026	0.564670
1188	11.88	0.317172	0.337736	0.511026	0.564670
1189	11.89	0.317144	0.337713	0.511026	0.564670
1190	11.90	0.317115	0.337691	0.511026	0.564670
1191	11.91	0.317087	0.337667	0.511026	0.564670
1192	11.92	0.317057	0.337645	0.511026	0.564670
1193	11.93	0.317028	0.337622	0.511026	0.564670
1194	11.94	0.316998	0.337600	0.511026	0.564670
1195	11.95	0.316968	0.337579	0.511026	0.564670
1196	11.96	0.316940	0.337556	0.511026	0.564670
1197	11.97	0.316914	0.337534	0.511026	0.564670
1198	11.98	0.316886	0.337512	0.511026	0.564670
1199	11.99	0.316858	0.337491	0.511026	0.564670
1200	12.00	0.316831	0.337469	0.511026	0.564670
1201	12.01	0.316805	0.337447	0.511026	0.564670
1202	12.02	0.316777	0.337425	0.511026	0.564670
1203	12.03	0.316749	0.337403	0.511026	0.564670
1204	12.04	0.316721	0.337380	0.511026	0.564670
1205	12.05	0.316694	0.337357	0.511026	0.564670
1206	12.06	0.316667	0.337336	0.511026	0.564670
1207	12.07	0.316640	0.337313	0.511026	0.564670
1208	12.08	0.316612	0.337291	0.511026	0.564670
1209	12.09	0.316584	0.337270	0.511026	0.564670
1210	12.10	0.316556	0.337249	0.511026	0.564670
1211	12.11	0.316529	0.337228	0.511026	0.564670
1212	12.12	0.316503	0.337206	0.511026	0.564670
1213	12.13	0.316476	0.337185	0.511026	0.564670
1214	12.14	0.316449	0.337165	0.511026	0.564670
1215	12.15	0.316423	0.337145	0.511026	0.564670
1216	12.16	0.316397	0.337125	0.511026	0.564670
1217	12.17	0.316372	0.337106	0.511026	0.564670
1218	12.18	0.316346	0.337086	0.511026	0.564670
1219	12.19	0.316320	0.337066	0.511026	0.564670
1220	12.20	0.316295	0.337046	0.511026	0.564670
1221	12.21	0.316270	0.337027	0.511026	0.564670
1222	12.22	0.316246	0.337008	0.511026	0.564670
1223	12.23	0.316220	0.336988	0.511026	0.564670
1224	12.24	0.316191	0.336969	0.511026	0.564670
1225	12.25	0.316163	0.336949	0.511026	0.564670
1226	12.26	0.316137	0.336930	0.511026	0.564670
1227	12.27	0.316112	0.336911	0.511026	0.564670
1228	12.28	0.316087	0.336891	0.511026	0.564670
1229	12.29	0.316061	0.336873	0.511026	0.564670
1230	12.30	0.316036	0.336854	0.511026	0.564670
1231	12.31	0.316012	0.336833	0.511026	0.564670
1232	12.32	0.315987	0.336813	0.511026	0.564670
1233	12.33	0.315963	0.336795	0.511026	0.564670
1234	12.34	0.315938	0.336778	0.511026	0.564670
1235	12.35	0.315914	0.336761	0.511026	0.564670
1236	12.36	0.315889	0.336742	0.511026	0.564670
1237	12.37	0.315865	0.336722	0.511026	0.564670
1238	12.38	0.315841	0.336702	0.511026	0.564670
1239	12.39	0.315818	0.336682	0.511026	0.564670
1240	12.40	0.315793	0.336664	0.511026	0.564670
1241	12.41	0.315767	0.336646	0.511026	0.564670
1242	12.42	0.315742	0.336627	0.511026	0.564670
1243	12.43	0.315717	0.336609	0.511026	0.564670
1244	12.44	0.315692	0.336591	0.511026	0.564670
1245	12.45	0.315669	0.336573	0.511026	0.564670
1246	12.46	0.315646	0.336555	0.511026	0.564670
1247	12.47	0.315622	0.336537	0.511026	0.564670
1248	12.48	0.315599	0.336518	0.511026	0.564670
1249	12.49	0.315575	0.336500	0.511026	0.564670
1250	12.50	0.315554	0.336481	0.511026	0.564670
1251	12.51	0.315530	0.336464	0.511026	0.564670
1252	12.52	0.315503	0.336446	0.511026	0.564670
1253	12.53	0.315478	0.336428	0.511026	0.564670
1254	12.54	0.315455	0.336409	0.511026	0.564670
1255	12.55	0.315432	0.336389	0.511026	0.564670
1256	12.56	0.315411	0.336369	0.511026	0.564670
1257	12.57	0.315389	0.336350	0.511026	0.564670
1258	12.58	0.315366	0.336333	0.511026	0.564670
1259	12.59	0.315343	0.336315	0.511026	0.564670
1260	12.60	0.315322	0.336297	0.511026	0.564670
1261	12.61	0.315299	0.336281	0.511026	0.564670
1262	12.62	0.315275	0.336265	0.511026	0.564670
1263	12.63	0.315253	0.336248	0.511026	0.564670
1264	12.64	0.315232	0.336231	0.511026	0.564670
1265	12.65	0.315209	0.336213	0.511026	0.564670
1266	12.66	0.315186	0.336196	0.511026	0.564670
1267	12.67	0.315165	0.336179	0.511026	0.564670
1268	12.68	0.315143	0.336163	0.511026	0.564670
1269	12.69	0.315120	0.336148	0.511026	0.564670
1270	12.70	0.315097	0.336131	0.511026	0.564670
1271	12.71	0.315075	0.336114	0.511026	0.564670
1272	12.72	0.315054	0.336098	0.511026	0.564670
1273	12.73	0.315034	0.336082	0.511026	0.564670
1274	12.74	0.315013	0.336066	0.511026	0.564670
1275	12.75	0.314992	0.336050	0.511026	0.564670
1276	12.76	0.314972	0.336033	0.511026	0.564670
1277	12.77	0.314952	0.336016	0.511026	0.564670
1278	12.78	0.314931	0.336000	0.511026	0.564670
1279	12.79	0.314911	0.335984	0.511026	0.564670
1280	12.80	0.314890	0.335968	0.511026	0.564670
1281	12.81	0.314868	0.335952	0.511026	0.564670
1282	12.82	0.314845	0.335937	0.511026	0.564670
1283	12.83	0.314822	0.335921	0.511026	0.564670
1284	12.84	0.314801	0.335904	0.511026	0.564670
1285	12.85	0.314778	0.335889	0.511026	0.564670
1286	12.86	0.314757	0.335874	0.511026	0.564670
1287	12.87	0.314736	0.335859	0.511026	0.564670
1288	12.88	0.314716	0.335844	0.511026	0.564670
1289	12.89	0.314696	0.335828	0.511026	0.564670
1290	12.90	0.314675	0.335813	0.511026	0.564670
1291	12.91	0.314654	0.335799	0.511026	0.564670
1292	12.92	0.314635	0.335784	0.511026	0.564670
1293	12.93	0.314615	0.335770	0.511026	0.564670
1294	12.94	0.314595	0.335755	0.511026	0.564670
1295	12.95	0.314575	0.335741	0.511026	0.564670
1296	12.96	0.314555	0.335725	0.511026	0.564670
1297	12.97	0.314536	0.335710	0.511026	0.564670
1298	12.98	0.314517	0.335696	0.511026	0.564670
1299	12.99	0.314497	0.335682	0.511026	0.564670
1300	13.00	0.314477	0.335667	0.511026	0.564670
1301	13.01	0.314457	0.335651	0.511026	0.564670
1302	13.02	0.314438	0.335635	0.511026	0.564670
1303	13.03	0.314417	0.335620	0.511026	0.564670
1304	13.04	0.314396	0.335605	0.511026	0.564670
1305	13.05	0.314374	0.335590	0.511026	0.564670
1306	13.06	0.314356	0.335574	0.511026	0.564670
1307	13.07	0.314338	0.335559	0.511026	0.564670
1308	13.08	0.314320	0.335545	0.511026	0.564670
1309	13.09	0.314300	0.335529	0.511026	0.564670
1310	13.10	0.314281	0.335514	0.511026	0.564670
1311	13.11	0.314262	0.335499	0.511026	0.564670
1312	13.12	0.314241	0.335487	0.511026	0.564670
1313	13.13	0.314221	0.335474	0.511026	0.564670
1314	13.14	0.314202	0.335462	0.511026	0.564670
1315	13.15	0.314184	0.335448	0.511026	0.564670
1316	13.16	0.314166	0.335434	0.511026	0.564670
1317	13.17	0.314148	0.335420	0.511026	0.564670
1318	13.18	0.314131	0.335406	0.511026	0.564670
1319	13.19	0.314114	0.335394	0.511026	0.564670
1320	13.20	0.314097	0.335382	0.511026	0.564670
1321	13.21	0.314080	0.335368	0.511026	0.564670
1322	13.22	0.314062	0.335353	0.511026	0.564670
1323	13.23	0.314043	0.335340	0.511026	0.564670
1324	13.24	0.314024	0.335326	0.511026	0.564670
1325	13.25	0.314006	0.335313	0.511026	0.564670
1326	13.26	0.313988	0.335299	0.511026	0.564670
1327	13.27	0.313971	0.335286	0.511026	0.564670
1328	13.28	0.313954	0.335273	0.511026	0.564670
1329	13.29	0.313937	0.335261	0.511026	0.564670
1330	13.30	0.313920	0.335249	0.511026	0.564670
1331	13.31	0.313903	0.335235	0.511026	0.564670
1332	13.32	0.313888	0.335222	0.511026	0.564670
1333	13.33	0.313872	0.335208	0.511026	0.564670
1334	13.34	0.313853	0.335195	0.511026	0.564670
1335	13.35	0.313834	0.335181	0.511026	0.564670
1336	13.36	0.313816	0.335167	0.511026	0.564670
1337	13.37	0.313797	0.335154	0.511026	0.564670
1338	13.38	0.313781	0.335141	0.511026	0.564670
1339	13.39	0.313765	0.335128	0.511026	0.564670
1340	13.40	0.313747	0.335115	0.511026	0.564670
1341	13.41	0.313731	0.335103	0.511026	0.564670
1342	13.42	0.313714	0.335090	0.511026	0.564670
1343	13.43	0.313698	0.335077	0.511026	0.564670
1344	13.44	0.313681	0.335065	0.511026	0.564670
1345	13.45	0.313662	0.335053	0.511026	0.564670
1346	13.46	0.313645	0.335040	0.511026	0.564670
1347	13.47	0.313629	0.335028	0.511026	0.564670
1348	13.48	0.313613	0.335016	0.511026	0.564670
1349	13.49	0.313596	0.335003	0.511026	0.564670
1350	13.50	0.313580	0.334991	0.511026	0.564670
1351	13.51	0.313563	0.334979	0.511026	0.564670
1352	13.52	0.313546	0.334967	0.511026	0.564670
1353	13.53	0.313529	0.334955	0.511026	0.564670
1354	13.54	0.313512	0.334944	0.511026	0.564670
1355	13.55	0.313495	0.334933	0.511026	0.564670
1356	13.56	0.313480	0.334923	0.511026	0.564670
1357	13.57	0.313465	0.334913	0.511026	0.564670
1358	13.58	0.313449	0.334902	0.511026	0.564670
1359	13.59	0.313433	0.334890	0.511026	0.564670
1360	13.60	0.313418	0.334879	0.511026	0.564670
1361	13.61	0.313402	0.334868	0.511026	0.564670
1362	13.62	0.313385	0.334856	0.511026	0.564670
1363	13.63	0.313367	0.334846	0.511026	0.564670
1364	13.64	0.313351	0.334835	0.511026	0.564670
1365	13.65	0.313335	0.334823	0.511026	0.564670
1366	13.66	0.313319	0.334811	0.511026	0.564670
1367	13.67	0.313304	0.334799	0.511026	0.564670
1368	13.68	0.313289	0.334788	0.511026	0.564670
1369	13.69	0.313274	0.334776	0.511026	0.564670
1370	13.70	0.313258	0.334765	0.511026	0.564670
1371	13.71	0.313243	0.334754	0.511026	0.564670
1372	13.72	0.313228	0.334743	0.511026	0.564670
1373	13.73	0.313214	0.334733	0.511026	0.564670
1374	13.74	0.313199	0.334722	0.511026	0.564670
1375	13.75	0.313183	0.334711	0.511026	0.564670
1376	13.76	0.313169	0.334701	0.511026	0.564670
1377	13.77	0.313155	0.334691	0.511026	0.564670
1378	13.78	0.313140	0.334680	0.511026	0.564670
1379	13.79	0.313125	0.334670	0.511026	0.564670
1380	13.80	0.313111	0.334660	0.511026	0.564670
1381	13.81	0.313096	0.334649	0.511026	0.564670
1382	13.82	0.313080	0.334639	0.511026	0.564670
1383	13.83	0.313065	0.334628	0.511026	0.564670
1384	13.84	0.313049	0.334617	0.511026	0.564670
1385	13.85	0.313035	0.334606	0.511026	0.564670
1386	13.86	0.313021	0.334597	0.511026	0.564670
1387	13.87	0.313008	0.334586	0.511026	0.564670
1388	13.88	0.312995	0.334576	0.511026	0.564670
1389	13.89	0.312981	0.334565	0.511026	0.564670
1390	13.90	0.312967	0.334555	0.511026	0.564670
1391	13.91	0.312955	0.334546	0.511026	0.564670
1392	13.92	0.312942	0.334535	0.511026	0.564670
1393	13.93	0.312929	0.334524	0.511026	0.564670
1394	13.94	0.312916	0.334514	0.511026	0.564670
1395	13.95	0.312903	0.334505	0.511026	0.564670
1396	13.96	0.312890	0.334496	0.511026	0.564670
1397	13.97	0.312876	0.334486	0.511026	0.564670
1398	13.98	0.312862	0.334476	0.511026	0.564670
1399	13.99	0.312847	0.334465	0.511026	0.564670
1400	14.00	0.312834	0.334456	0.511026	0.564670
1401	14.01	0.312820	0.334447	0.511026	0.564670
1402	14.02	0.312806	0.334439	0.511026	0.564670
1403	14.03	0.312791	0.334430	0.511026	0.564670
1404	14.04	0.312777	0.334420	0.511026	0.564670
1405	14.05	0.312764	0.334410	0.511026	0.564670
1406	14.06	0.312751	0.334401	0.511026	0.564670
1407	14.07	0.312739	0.334392	0.511026	0.564670
1408	14.08	0.312726	0.334385	0.511026	0.564670
1409	14.09	0.312714	0.334377	0.511026	0.564670
1410	14.10	0.312701	0.334368	0.511026	0.564670
1411	14.11	0.312688	0.334359	0.511026	0.564670
1412	14.12	0.312675	0.334350	0.511026	0.564670
1413	14.13	0.312662	0.334341	0.511026	0.564670
1414	14.14	0.312651	0.334333	0.511026	0.564670
1415	14.15	0.312639	0.334323	0.511026	0.564670
1416	14.16	0.312626	0.334315	0.511026	0.564670
1417	14.17	0.312612	0.334306	0.511026	0.564670
1418	14.18	0.312599	0.334297	0.511026	0.564670
1419	14.19	0.312587	0.334289	0.511026	0.564670
1420	14.20	0.312574	0.334279	0.511026	0.564670
1421	14.21	0.312562	0.334270	0.511026	0.564670
1422	14.22	0.312549	0.334260	0.511026	0.564670
1423	14.23	0.312535	0.334252	0.511026	0.564670
1424	14.24	0.312522	0.334245	0.511026	0.564670
1425	14.25	0.312509	0.334236	0.511026	0.564670
1426	14.26	0.312495	0.334227	0.511026	0.564670
1427	14.27	0.312482	0.334219	0.511026	0.564670
1428	14.28	0.312470	0.334210	0.511026	0.564670
1429	14.29	0.312458	0.334201	0.511026	0.564670
1430	14.30	0.312446	0.334192	0.511026	0.564670
1431	14.31	0.312434	0.334184	0.511026	0.564670
1432	14.32	0.312422	0.334175	0.511026	0.564670
1433	14.33	0.312409	0.334167	0.511026	0.564670
1434	14.34	0.312398	0.334160	0.511026	0.564670
1435	14.35	0.312388	0.334151	0.511026	0.564670
1436	14.36	0.312377	0.334143	0.511026	0.564670
1437	14.37	0.312366	0.334133	0.511026	0.564670
1438	14.38	0.312356	0.334125	0.511026	0.564670
1439	14.39	0.312344	0.334117	0.511026	0.564670
1440	14.40	0.312332	0.334109	0.511026	0.564670
1441	14.41	0.312320	0.334101	0.511026	0.564670
1442	14.42	0.312309	0.334094	0.511026	0.564670
1443	14.43	0.312299	0.334087	0.511026	0.564670
1444	14.44	0.312288	0.334080	0.511026	0.564670
1445	14.45	0.312277	0.334073	0.511026	0.564670
1446	14.46	0.312266	0.334065	0.511026	0.564670
1447	14.47	0.312256	0.334058	0.511026	0.564670
1448	14.48	0.312245	0.334049	0.511026	0.564670
1449	14.49	0.312234	0.334041	0.511026	0.564670
1450	14.50	0.312222	0.334034	0.511026	0.564670
1451	14.51	0.312210	0.334026	0.511026	0.564670
1452	14.52	0.312200	0.334018	0.511026	0.564670
1453	14.53	0.312189	0.334012	0.511026	0.564670
1454	14.54	0.312178	0.334005	0.511026	0.564670
1455	14.55	0.312166	0.333998	0.511026	0.564670
1456	14.56	0.312155	0.333991	0.511026	0.564670
1457	14.57	0.312144	0.333983	0.511026	0.564670
1458	14.58	0.312134	0.333975	0.511026	0.564670
1459	14.59	0.312123	0.333966	0.511026	0.564670
1460	14.60	0.312111	0.333959	0.511026	0.564670
1461	14.61	0.312101	0.333952	0.511026	0.564670
1462	14.62	0.312090	0.333945	0.511026	0.564670
1463	14.63	0.312081	0.333939	0.511026	0.564670
1464	14.64	0.312072	0.333933	0.511026	0.564670
1465	14.65	0.312063	0.333926	0.511026	0.564670
1466	14.66	0.312054	0.333919	0.511026	0.564670
1467	14.67	0.312044	0.333912	0.511026	0.564670
1468	14.68	0.312033	0.333905	0.511026	0.564670
1469	14.69	0.312022	0.333898	0.511026	0.564670
1470	14.70	0.312012	0.333893	0.511026	0.564670
1471	14.71	0.312002	0.333886	0.511026	0.564670
1472	14.72	0.311991	0.333879	0.511026	0.564670
1473	14.73	0.311982	0.333872	0.511026	0.564670
1474	14.74	0.311971	0.333867	0.511026	0.564670
1475	14.75	0.311959	0.333861	0.511026	0.564670
1476	14.76	0.311949	0.333855	0.511026	0.564670
1477	14.77	0.311938	0.333849	0.511026	0.564670
1478	14.78	0.311928	0.333843	0.511026	0.564670
1479	14.79	0.311918	0.333836	0.511026	0.564670
1480	14.80	0.311908	0.333830	0.511026	0.564670
1481	14.81	0.311898	0.333823	0.511026	0.564670
1482	14.82	0.311888	0.333817	0.511026	0.564670
1483	14.83	0.311879	0.333810	0.511026	0.564670
1484	14.84	0.311870	0.333804	0.511026	0.564670
1485	14.85	0.311860	0.333798	0.511026	0.564670
1486	14.86	0.311850	0.333792	0.511026	0.564670
1487	14.87	0.311840	0.333786	0.511026	0.564670
1488	14.88	0.311830	0.333780	0.511026	0.564670
1489	14.89	0.311820	0.333775	0.511026	0.564670
1490	14.90	0.311811	0.333770	0.511026	0.564670
1491	14.91	0.311802	0.333763	0.511026	0.564670
1492	14.92	0.311792	0.333756	0.511026	0.564670
1493	14.93	0.311784	0.333750	0.511026	0.564670
1494	14.94	0.311776	0.333744	0.511026	0.564670
1495	14.95	0.311767	0.333738	0.511026	0.564670
1496	14.96	0.311757	0.333733	0.511026	0.564670
1497	14.97	0.311747	0.333728	0.511026	0.564670
1498	14.98	0.311738	0.333722	0.511026	0.564670
1499	14.99	0.311730	0.333715	0.511026	0.564670
1500	15.00	0.311721	0.333709	0.511026	0.564670
1501	15.01	0.311712	0.333704	0.511026	0.564670
1502	15.02	0.311703	0.333699	0.511026	0.564670
1503	15.03	0.311696	0.333693	0.511026	0.564670
1504	15.04	0.311688	0.333686	0.511026	0.564670
1505	15.05	0.311680	0.333681	0.511026	0.564670
1506	15.06	0.311672	0.333676	0.511026	0.564670
1507	15.07	0.311664	0.333670	0.511026	0.564670
1508	15.08	0.311655	0.333665	0.511026	0.564670
1509	15.09	0.311647	0.333660	0.511026	0.564670
1510	15.10	0.311637	0.333655	0.511026	0.564670
1511	15.11	0.311627	0.333650	0.511026	0.564670
1512	15.12	0.311617	0.333645	0.511026	0.564670
1513	15.13	0.311608	0.333640	0.511026	0.564670
1514	15.14	0.311599	0.333636	0.511026	0.564670
1515	15.15	0.311591	0.333631	0.511026	0.564670
1516	15.16	0.311583	0.333627	0.511026	0.564670
1517	15.17	0.311574	0.333622	0.511026	0.564670
1518	15.18	0.311566	0.333617	0.511026	0.564670
1519	15.19	0.311559	0.333613	0.511026	0.564670
1520	15.20	0.311550	0.333608	0.511026	0.564670
1521	15.21	0.311541	0.333603	0.511026	0.564670
1522	15.22	0.311533	0.333598	0.511026	0.564670
1523	15.23	0.311525	0.333592	0.511026	0.564670
1524	15.24	0.311517	0.333586	0.511026	0.564670
1525	15.25	0.311509	0.333581	0.511026	0.564670
1526	15.26	0.311502	0.333576	0.511026	0.564670
1527	15.27	0.311493	0.333571	0.511026	0.564670
1528	15.28	0.311486	0.333566	0.511026	0.564670
1529	15.29	0.311479	0.333561	0.511026	0.564670
1530	15.30	0.311472	0.333557	0.511026	0.564670
1531	15.31	0.311465	0.333552	0.511026	0.564670
1532	15.32	0.311458	0.333547	0.511026	0.564670
1533	15.33	0.311450	0.333542	0.511026	0.564670
1534	15.34	0.311443	0.333537	0.511026	0.564670
1535	15.35	0.311437	0.333532	0.511026	0.564670
1536	15.36	0.311431	0.333528	0.511026	0.564670
1537	15.37	0.311424	0.333524	0.511026	0.564670
1538	15.38	0.311418	0.333519	0.511026	0.564670
1539	15.39	0.311411	0.333514	0.511026	0.564670
1540	15.40	0.311403	0.333509	0.511026	0.564670
1541	15.41	0.311396	0.333505	0.511026	0.564670
1542	15.42	0.311391	0.333501	0.511026	0.564670
1543	15.43	0.311383	0.333497	0.511026	0.564670
1544	15.44	0.311375	0.333492	0.511026	0.564670
1545	15.45	0.311368	0.333488	0.511026	0.564670
1546	15.46	0.311362	0.333485	0.511026	0.564670
1547	15.47	0.311354	0.333481	0.511026	0.564670
1548	15.48	0.311347	0.333476	0.511026	0.564670
1549	15.49	0.311339	0.333472	0.511026	0.564670
1550	15.50	0.311333	0.333468	0.511026	0.564670
1551	15.51	0.311325	0.333465	0.511026	0.564670
1552	15.52	0.311318	0.333462	0.511026	0.564670
1553	15.53	0.311311	0.333458	0.511026	0.564670
1554	15.54	0.311303	0.333454	0.511026	0.564670
1555	15.55	0.311297	0.333450	0.511026	0.564670
1556	15.56	0.311290	0.333446	0.511026	0.564670
1557	15.57	0.311283	0.333442	0.511026	0.564670
1558	15.58	0.311278	0.333439	0.511026	0.564670
1559	15.59	0.311272	0.333435	0.511026	0.564670
1560	15.60	0.311265	0.333431	0.511026	0.564670
1561	15.61	0.311259	0.333428	0.511026	0.564670
1562	15.62	0.311253	0.333425	0.511026	0.564670
1563	15.63	0.311247	0.333421	0.511026	0.564670
1564	15.64	0.311241	0.333417	0.511026	0.564670
1565	15.65	0.311235	0.333413	0.511026	0.564670
1566	15.66	0.311230	0.333410	0.511026	0.564670
1567	15.67	0.311225	0.333407	0.511026	0.564670
1568	15.68	0.311218	0.333404	0.511026	0.564670
1569	15.69	0.311213	0.333401	0.511026	0.564670
1570	15.70	0.311207	0.333398	0.511026	0.564670
1571	15.71	0.311201	0.333396	0.511026	0.564670
1572	15.72	0.311195	0.333393	0.511026	0.564670
1573	15.73	0.311189	0.333390	0.511026	0.564670
1574	15.74	0.311183	0.333386	0.511026	0.564670
1575	15.75	0.311177	0.333382	0.511026	0.564670
1576	15.76	0.311171	0.333379	0.511026	0.564670
1577	15.77	0.311165	0.333376	0.511026	0.564670
1578	15.78	0.311158	0.333373	0.511026	0.564670
1579	15.79	0.311152	0.333369	0.511026	0.564670
1580	15.80	0.311146	0.333365	0.511026	0.564670
1581	15.81	0.311141	0.333361	0.511026	0.564670
1582	15.82	0.311136	0.333358	0.511026	0.564670
1583	15.83	0.311129	0.333356	0.511026	0.564670
1584	15.84	0.311123	0.333353	0.511026	0.564670
1585	15.85	0.311118	0.333349	0.511026	0.564670
1586	15.86	0.311111	0.333347	0.511026	0.564670
1587	15.87	0.311105	0.333345	0.511026	0.564670
1588	15.88	0.311100	0.333343	0.511026	0.564670
1589	15.89	0.311095	0.333340	0.511026	0.564670
1590	15.90	0.311089	0.333337	0.511026	0.564670
1591	15.91	0.311083	0.333334	0.511026	0.564670
1592	15.92	0.311077	0.333331	0.511026	0.564670
1593	15.93	0.311071	0.333328	0.511026	0.564670
1594	15.94	0.311066	0.333326	0.511026	0.564670
1595	15.95	0.311060	0.333323	0.511026	0.564670
1596	15.96	0.311054	0.333320	0.511026	0.564670
1597	15.97	0.311048	0.333317	0.511026	0.564670
1598	15.98	0.311042	0.333314	0.511026	0.564670
1599	15.99	0.311036	0.333312	0.511026	0.564670
1600	16.00	0.311031	0.333309	0.511026	0.564670
1601	16.01	0.311026	0.333307	0.511026	0.564670
1602	16.02	0.311020	0.333304	0.511026	0.564670
1603	16.03	0.311015	0.333301	0.511026	0.564670
1604	16.04	0.311009	0.333299	0.511026	0.564670
1605	16.05	0.311003	0.333296	0.511026	0.564670
1606	16.06	0.310998	0.333294	0.511026	0.564670
1607	16.07	0.310993	0.333292	0.511026	0.564670
1608	16.08	0.310988	0.333290	0.511026	0.564670
1609	16.09	0.310981	0.333287	0.511026	0.564670
1610	16.10	0.310975	0.333285	0.511026	0.564670
1611	16.11	0.310969	0.333283	0.511026	0.564670
1612	16.12	0.310964	0.333281	0.511026	0.564670
1613	16.13	0.310958	0.333280	0.511026	0.564670
1614	16.14	0.310953	0.333278	0.511026	0.564670
1615	16.15	0.310948	0.333276	0.511026	0.564670
1616	16.16	0.310943	0.333274	0.511026	0.564670
1617	16.17	0.310939	0.333271	0.511026	0.564670
1618	16.18	0.310934	0.333269	0.511026	0.564670
1619	16.19	0.310930	0.333267	0.511026	0.564670
1620	16.20	0.310926	0.333265	0.511026	0.564670
1621	16.21	0.310922	0.333262	0.511026	0.564670
1622	16.22	0.310918	0.333260	0.511026	0.564670
1623	16.23	0.310914	0.333258	0.511026	0.564670
1624	16.24	0.310909	0.333255	0.511026	0.564670
1625	16.25	0.310905	0.333253	0.511026	0.564670
1626	16.26	0.310901	0.333252	0.511026	0.564670
1627	16.27	0.310896	0.333250	0.511026	0.564670
1628	16.28	0.310891	0.333248	0.511026	0.564670
1629	16.29	0.310887	0.333247	0.511026	0.564670
1630	16.30	0.310883	0.333245	0.511026	0.564670
1631	16.31	0.310879	0.333243	0.511026	0.564670
1632	16.32	0.310874	0.333241	0.511026	0.564670
1633	16.33	0.310869	0.333239	0.511026	0.564670
1634	16.34	0.310865	0.333237	0.511026	0.564670
1635	16.35	0.310860	0.333236	0.511026	0.564670
1636	16.36	0.310856	0.333235	0.511026	0.564670
1637	16.37	0.310852	0.333234	0.511026	0.564670
1638	16.38	0.310848	0.333232	0.511026	0.564670
1639	16.39	0.310845	0.333231	0.511026	0.564670
1640	16.40	0.310841	0.333229	0.511026	0.564670
1641	16.41	0.310837	0.333228	0.511026	0.564670
1642	16.42	0.310833	0.333227	0.511026	0.564670
1643	16.43	0.310828	0.333226	0.511026	0.564670
1644	16.44	0.310824	0.333225	0.511026	0.564670
1645	16.45	0.310821	0.333224	0.511026	0.564670
1646	16.46	0.310819	0.333222	0.511026	0.564670
1647	16.47	0.310815	0.333221	0.511026	0.564670
1648	16.48	0.310812	0.333219	0.511026	0.564670
1649	16.49	0.310808	0.333217	0.511026	0.564670
1650	16.50	0.310805	0.333216	0.511026	0.564670
1651	16.51	0.310802	0.333215	0.511026	0.564670
1652	16.52	0.310798	0.333214	0.511026	0.564670
1653	16.53	0.310794	0.333213	0.511026	0.564670
1654	16.54	0.310790	0.333211	0.511026	0.564670
1655	16.55	0.310787	0.333211	0.511026	0.564670
1656	16.56	0.310784	0.333210	0.511026	0.564670
1657	16.57	0.310780	0.333209	0.511026	0.564670
1658	16.58	0.310777	0.333208	0.511026	0.564670
1659	16.59	0.310773	0.333207	0.511026	0.564670
1660	16.60	0.310769	0.333206	0.511026	0.564670
1661	16.61	0.310765	0.333205	0.511026	0.564670
1662	16.62	0.310762	0.333204	0.511026	0.564670
1663	16.63	0.310758	0.333204	0.511026	0.564670
1664	16.64	0.310754	0.333203	0.511026	0.564670
1665	16.65	0.310751	0.333202	0.511026	0.564670
1666	16.66	0.310747	0.333201	0.511026	0.564670
1667	16.67	0.310744	0.333199	0.511026	0.564670
1668	16.68	0.310740	0.333199	0.511026	0.564670
1669	16.69	0.310736	0.333199	0.511026	0.564670
1670	16.70	0.310733	0.333198	0.511026	0.564670
1671	16.71	0.310730	0.333198	0.511026	0.564670
1672	16.72	0.310726	0.333197	0.511026	0.564670
1673	16.73	0.310723	0.333197	0.511026	0.564670
1674	16.74	0.310720	0.333196	0.511026	0.564670
1675	16.75	0.310716	0.333196	0.511026	0.564670
1676	16.76	0.310713	0.333195	0.511026	0.564670
1677	16.77	0.310710	0.333195	0.511026	0.564670
1678	16.78	0.310707	0.333194	0.511026	0.564670
1679	16.79	0.310704	0.333193	0.511026	0.564670
1680	16.80	0.310701	0.333193	0.511026	0.564670
1681	16.81	0.310697	0.333192	0.511026	0.564670
1682	16.82	0.310694	0.333192	0.511026	0.564670
1683	16.83	0.310691	0.333191	0.511026	0.564670
1684	16.84	0.310689	0.333190	0.511026	0.564670
1685	16.85	0.310687	0.333190	0.511026	0.564670
1686	16.86	0.310685	0.333189	0.511026	0.564670
1687	16.87	0.310683	0.333189	0.511026	0.564670
1688	16.88	0.310680	0.333189	0.511026	0.564670
1689	16.89	0.310678	0.333189	0.511026	0.564670
1690	16.90	0.310675	0.333188	0.511026	0.564670
1691	16.91	0.310672	0.333188	0.511026	0.564670
1692	16.92	0.310669	0.333188	0.511026	0.564670
1693	16.93	0.310667	0.333188	0.511026	0.564670
1694	16.94	0.310664	0.333188	0.511026	0.564670
1695	16.95	0.310662	0.333188	0.511026	0.564670
1696	16.96	0.310660	0.333187	0.511026	0.564670
1697	16.97	0.310658	0.333187	0.511026	0.564670
1698	16.98	0.310656	0.333187	0.511026	0.564670
1699	16.99	0.310653	0.333186	0.511026	0.564670
1700	17.00	0.310650	0.333186	0.511026	0.564670
1701	17.01	0.310647	0.333186	0.511026	0.564670
1702	17.02	0.310645	0.333186	0.511026	0.564670
1703	17.03	0.310643	0.333186	0.511026	0.564670
1704	17.04	0.310640	0.333185	0.511026	0.564670
1705	17.05	0.310638	0.333186	0.511026	0.564670
1706	17.06	0.310636	0.333186	0.511026	0.564670
1707	17.07	0.310634	0.333186	0.511026	0.564670
1708	17.08	0.310631	0.333187	0.511026	0.564670
1709	17.09	0.310628	0.333187	0.511026	0.564670
1710	17.10	0.310625	0.333188	0.511026	0.564670
1711	17.11	0.310622	0.333188	0.511026	0.564670
1712	17.12	0.310620	0.333189	0.511026	0.564670
1713	17.13	0.310618	0.333189	0.511026	0.564670
1714	17.14	0.310615	0.333188	0.511026	0.564670
1715	17.15	0.310614	0.333189	0.511026	0.564670
1716	17.16	0.310611	0.333189	0.511026	0.564670
1717	17.17	0.310609	0.333189	0.511026	0.564670
1718	17.18	0.310608	0.333189	0.511026	0.564670
1719	17.19	0.310606	0.333190	0.511026	0.564670
1720	17.20	0.310604	0.333190	0.511026	0.564670
1721	17.21	0.310601	0.333191	0.511026	0.564670
1722	17.22	0.310599	0.333192	0.511026	0.564670
1723	17.23	0.310597	0.333192	0.511026	0.564670
1724	17.24	0.310595	0.333193	0.511026	0.564670
1725	17.25	0.310593	0.333194	0.511026	0.564670
1726	17.26	0.310591	0.333194	0.511026	0.564670
1727	17.27	0.310589	0.333195	0.511026	0.564670
1728	17.28	0.310587	0.333196	0.511026	0.564670
1729	17.29	0.310585	0.333197	0.511026	0.564670
1730	17.30	0.310583	0.333198	0.511026	0.564670
1731	17.31	0.310581	0.333198	0.511026	0.564670
1732	17.32	0.310580	0.333199	0.511026	0.564670
1733	17.33	0.310579	0.333199	0.511026	0.564670
1734	17.34	0.310578	0.333199	0.511026	0.564670
1735	17.35	0.310577	0.333200	0.511026	0.564670
1736	17.36	0.310575	0.333200	0.511026	0.564670
1737	17.37	0.310574	0.333201	0.511026	0.564670
1738	17.38	0.310573	0.333202	0.511026	0.564670
1739	17.39	0.310571	0.333203	0.511026	0.564670
1740	17.40	0.310570	0.333203	0.511026	0.564670
1741	17.41	0.310569	0.333204	0.511026	0.564670
1742	17.42	0.310567	0.333205	0.511026	0.564670
1743	17.43	0.310566	0.333206	0.511026	0.564670
1744	17.44	0.310565	0.333206	0.511026	0.564670
1745	17.45	0.310563	0.333207	0.511026	0.564670
1746	17.46	0.310561	0.333208	0.511026	0.564670
1747	17.47	0.310560	0.333208	0.511026	0.564670
1748	17.48	0.310559	0.333209	0.511026	0.564670
1749	17.49	0.310557	0.333209	0.511026	0.564670
1750	17.50	0.310556	0.333210	0.511026	0.564670
1751	17.51	0.310555	0.333210	0.511026	0.564670
1752	17.52	0.310554	0.333211	0.511026	0.564670
1753	17.53	0.310553	0.333212	0.511026	0.564670
1754	17.54	0.310552	0.333213	0.511026	0.564670
1755	17.55	0.310551	0.333214	0.511026	0.564670
1756	17.56	0.310550	0.333215	0.511026	0.564670
1757	17.57	0.310549	0.333216	0.511026	0.564670
1758	17.58	0.310548	0.333217	0.511026	0.564670
1759	17.59	0.310547	0.333218	0.511026	0.564670
1760	17.60	0.310546	0.333219	0.511026	0.564670
1761	17.61	0.310545	0.333221	0.511026	0.564670
1762	17.62	0.310544	0.333222	0.511026	0.564670
1763	17.63	0.310543	0.333223	0.511026	0.564670
1764	17.64	0.310542	0.333224	0.511026	0.564670
1765	17.65	0.310541	0.333226	0.511026	0.564670
1766	17.66	0.310540	0.333227	0.511026	0.564670
1767	17.67	0.310538	0.333228	0.511026	0.564670
1768	17.68	0.310538	0.333229	0.511026	0.564670
1769	17.69	0.310537	0.333230	0.511026	0.564670
1770	17.70	0.310536	0.333232	0.511026	0.564670
1771	17.71	0.310535	0.333233	0.511026	0.564670
1772	17.72	0.310534	0.333234	0.511026	0.564670
1773	17.73	0.310533	0.333235	0.511026	0.564670
1774	17.74	0.310533	0.333236	0.511026	0.564670
1775	17.75	0.310532	0.333237	0.511026	0.564670
1776	17.76	0.310532	0.333238	0.511026	0.564670
1777	17.77	0.310531	0.333239	0.511026	0.564670
1778	17.78	0.310530	0.333240	0.511026	0.564670
1779	17.79	0.310530	0.333242	0.511026	0.564670
1780	17.80	0.310529	0.333243	0.511026	0.564670
1781	17.81	0.310528	0.333245	0.511026	0.564670
1782	17.82	0.310528	0.333247	0.511026	0.564670
1783	17.83	0.310527	0.333248	0.511026	0.564670
1784	17.84	0.310527	0.333249	0.511026	0.564670
1785	17.85	0.310526	0.333250	0.511026	0.564670
1786	17.86	0.310526	0.333252	0.511026	0.564670
1787	17.87	0.310525	0.333254	0.511026	0.564670
1788	17.88	0.310525	0.333256	0.511026	0.564670
1789	17.89	0.310524	0.333257	0.511026	0.564670
1790	17.90	0.310524	0.333259	0.511026	0.564670
1791	17.91	0.310524	0.333260	0.511026	0.564670
1792	17.92	0.310524	0.333262	0.511026	0.564670
1793	17.93	0.310524	0.333264	0.511026	0.564670
1794	17.94	0.310523	0.333265	0.511026	0.564670
1795	17.95	0.310523	0.333267	0.511026	0.564670
1796	17.96	0.310523	0.333269	0.511026	0.564670
1797	17.97	0.310522	0.333271	0.511026	0.564670
1798	17.98	0.310522	0.333273	0.511026	0.564670
1799	17.99	0.310522	0.333275	0.511026	0.564670
1800	18.00	0.310521	0.333278	0.511026	0.564670
1801	18.01	0.310521	0.333279	0.511026	0.564670
1802	18.02	0.310521	0.333281	0.511026	0.564670
1803	18.03	0.310521	0.333283	0.511026	0.564670
1804	18.04	0.310521	0.333285	0.511026	0.564670
1805	18.05	0.310521	0.333287	0.511026	0.564670
1806	18.06	0.310520	0.333289	0.511026	0.564670
1807	18.07	0.310520	0.333290	0.511026	0.564670
1808	18.08	0.310520	0.333292	0.511026	0.564670
1809	18.09	0.310520	0.333295	0.511026	0.564670
1810	18.10	0.310520	0.333297	0.511026	0.564670
1811	18.11	0.310520	0.333299	0.511026	0.564670
1812	18.12	0.310520	0.333301	0.511026	0.564670
1813	18.13	0.310520	0.333302	0.511026	0.564670
1814	18.14	0.310520	0.333304	0.511026	0.564670
1815	18.15	0.310520	0.333306	0.511026	0.564670
1816	18.16	0.310520	0.333309	0.511026	0.564670
1817	18.17	0.310520	0.333310	0.511026	0.564670
1818	18.18	0.310520	0.333313	0.511026	0.564670
1819	18.19	0.310520	0.333315	0.511026	0.564670
1820	18.20	0.310520	0.333317	0.511026	0.564670
1821	18.21	0.310520	0.333319	0.511026	0.564670
1822	18.22	0.310520	0.333321	0.511026	0.564670
1823	18.23	0.310520	0.333323	0.511026	0.564670
1824	18.24	0.310520	0.333326	0.511026	0.564670
1825	18.25	0.310521	0.333328	0.511026	0.564670
1826	18.26	0.310521	0.333330	0.511026	0.564670
1827	18.27	0.310521	0.333333	0.511026	0.564670
1828	18.28	0.310521	0.333336	0.511026	0.564670
1829	18.29	0.310521	0.333339	0.511026	0.564670
1830	18.30	0.310521	0.333341	0.511026	0.564670
1831	18.31	0.310521	0.333343	0.511026	0.564670
1832	18.32	0.310522	0.333345	0.511026	0.564670
1833	18.33	0.310522	0.333347	0.511026	0.564670
1834	18.34	0.310523	0.333349	0.511026	0.564670
1835	18.35	0.310524	0.333352	0.511026	0.564670
1836	18.36	0.310525	0.333354	0.511026	0.564670
1837	18.37	0.310525	0.333356	0.511026	0.564670
1838	18.38	0.310526	0.333359	0.511026	0.564670
1839	18.39	0.310526	0.333362	0.511026	0.564670
1840	18.40	0.310527	0.333364	0.511026	0.564670
1841	18.41	0.310527	0.333366	0.511026	0.564670
1842	18.42	0.310528	0.333368	0.511026	0.564670
1843	18.43	0.310528	0.333371	0.511026	0.564670
1844	18.44	0.310528	0.333374	0.511026	0.564670
1845	18.45	0.310528	0.333376	0.511026	0.564670
1846	18.46	0.310529	0.333379	0.511026	0.564670
1847	18.47	0.310530	0.333382	0.511026	0.564670
1848	18.48	0.310531	0.333384	0.511026	0.564670
1849	18.49	0.310531	0.333387	0.511026	0.564670
1850	18.50	0.310533	0.333390	0.511026	0.564670
1851	18.51	0.310533	0.333393	0.511026	0.564670
1852	18.52	0.310535	0.333396	0.511026	0.564670
1853	18.53	0.310536	0.333398	0.511026	0.564670
1854	18.54	0.310537	0.333401	0.511026	0.564670
1855	18.55	0.310537	0.333404	0.511026	0.564670
1856	18.56	0.310538	0.333406	0.511026	0.564670
1857	18.57	0.310539	0.333409	0.511026	0.564670
1858	18.58	0.310540	0.333412	0.511026	0.564670
1859	18.59	0.310541	0.333414	0.511026	0.564670
1860	18.60	0.310542	0.333417	0.511026	0.564670
1861	18.61	0.310544	0.333419	0.511026	0.564670
1862	18.62	0.310545	0.333421	0.511026	0.564670
1863	18.63	0.310546	0.333424	0.511026	0.564670
1864	18.64	0.310546	0.333426	0.511026	0.564670
1865	18.65	0.310547	0.333429	0.511026	0.564670
1866	18.66	0.310548	0.333432	0.511026	0.564670
1867	18.67	0.310549	0.333435	0.511026	0.564670
1868	18.68	0.310550	0.333437	0.511026	0.564670
1869	18.69	0.310551	0.333440	0.511026	0.564670
1870	18.70	0.310552	0.333442	0.511026	0.564670
1871	18.71	0.310552	0.333445	0.511026	0.564670
1872	18.72	0.310553	0.333448	0.511026	0.564670
1873	18.73	0.310555	0.333451	0.511026	0.564670
1874	18.74	0.310556	0.333454	0.511026	0.564670
1875	18.75	0.310556	0.333457	0.511026	0.564670
1876	18.76	0.310557	0.333459	0.511026	0.564670
1877	18.77	0.310558	0.333462	0.511026	0.564670
1878	18.78	0.310559	0.333465	0.511026	0.564670
1879	18.79	0.310560	0.333468	0.511026	0.564670
1880	18.80	0.310562	0.333471	0.511026	0.564670
1881	18.81	0.310563	0.333474	0.511026	0.564670
1882	18.82	0.310564	0.333477	0.511026	0.564670
1883	18.83	0.310566	0.333481	0.511026	0.564670
1884	18.84	0.310567	0.333484	0.511026	0.564670
1885	18.85	0.310567	0.333487	0.511026	0.564670
1886	18.86	0.310569	0.333491	0.511026	0.564670
1887	18.87	0.310571	0.333494	0.511026	0.564670
1888	18.88	0.310573	0.333497	0.511026	0.564670
1889	18.89	0.310574	0.333500	0.511026	0.564670
1890	18.90	0.310575	0.333504	0.511026	0.564670
1891	18.91	0.310577	0.333507	0.511026	0.564670
1892	18.92	0.310578	0.333510	0.511026	0.564670
1893	18.93	0.310580	0.333512	0.511026	0.564670
1894	18.94	0.310581	0.333516	0.511026	0.564670
1895	18.95	0.310583	0.333519	0.511026	0.564670
1896	18.96	0.310584	0.333523	0.511026	0.564670
1897	18.97	0.310586	0.333526	0.511026	0.564670
1898	18.98	0.310588	0.333529	0.511026	0.564670
1899	18.99	0.310590	0.333531	0.511026	0.564670
1900	19.00	0.310591	0.333534	0.511026	0.564670
1901	19.01	0.310593	0.333538	0.511026	0.564670
1902	19.02	0.310595	0.333542	0.511026	0.564670
1903	19.03	0.310597	0.333546	0.511026	0.564670
1904	19.04	0.310598	0.333550	0.511026	0.564670
1905	19.05	0.310600	0.333553	0.511026	0.564670
1906	19.06	0.310602	0.333557	0.511026	0.564670
1907	19.07	0.310604	0.333560	0.511026	0.564670
1908	19.08	0.310606	0.333564	0.511026	0.564670
1909	19.09	0.310608	0.333568	0.511026	0.564670
1910	19.10	0.310610	0.333571	0.511026	0.564670
1911	19.11	0.310612	0.333574	0.511026	0.564670
1912	19.12	0.310614	0.333577	0.511026	0.564670
1913	19.13	0.310616	0.333580	0.511026	0.564670
1914	19.14	0.310618	0.333584	0.511026	0.564670
1915	19.15	0.310619	0.333588	0.511026	0.564670
1916	19.16	0.310621	0.333591	0.511026	0.564670
1917	19.17	0.310623	0.333595	0.511026	0.564670
1918	19.18	0.310625	0.333598	0.511026	0.564670
1919	19.19	0.310626	0.333601	0.511026	0.564670
1920	19.20	0.310628	0.333604	0.511026	0.564670
1921	19.21	0.310630	0.333608	0.511026	0.564670
1922	19.22	0.310632	0.333612	0.511026	0.564670
1923	19.23	0.310634	0.333616	0.511026	0.564670
1924	19.24	0.310636	0.333620	0.511026	0.564670
1925	19.25	0.310638	0.333624	0.511026	0.564670
1926	19.26	0.310640	0.333627	0.511026	0.564670
1927	19.27	0.310642	0.333631	0.511026	0.564670
1928	19.28	0.310644	0.333635	0.511026	0.564670
1929	19.29	0.310646	0.333639	0.511026	0.564670
1930	19.30	0.310648	0.333642	0.511026	0.564670
1931	19.31	0.310650	0.333646	0.511026	0.564670
1932	19.32	0.310652	0.333649	0.511026	0.564670
1933	19.33	0.310654	0.333652	0.511026	0.564670
1934	19.34	0.310656	0.333656	0.511026	0.564670
1935	19.35	0.310658	0.333660	0.511026	0.564670
1936	19.36	0.310660	0.333664	0.511026	0.564670
1937	19.37	0.310663	0.333667	0.511026	0.564670
1938	19.38	0.310665	0.333670	0.511026	0.564670
1939	19.39	0.310667	0.333674	0.511026	0.564670
1940	19.40	0.310669	0.333677	0.511026	0.564670
1941	19.41	0.310671	0.333681	0.511026	0.564670
1942	19.42	0.310673	0.333684	0.511026	0.564670
1943	19.43	0.310676	0.333688	0.511026	0.564670
1944	19.44	0.310678	0.333691	0.511026	0.564670
1945	19.45	0.310680	0.333695	0.511026	0.564670
1946	19.46	0.310682	0.333699	0.511026	0.564670
1947	19.47	0.310684	0.333703	0.511026	0.564670
1948	19.48	0.310686	0.333707	0.511026	0.564670
1949	19.49	0.310689	0.333711	0.511026	0.564670
1950	19.50	0.310692	0.333715	0.511026	0.564670
1951	19.51	0.310694	0.333719	0.511026	0.564670
1952	19.52	0.310696	0.333723	0.511026	0.564670
1953	19.53	0.310698	0.333727	0.511026	0.564670
1954	19.54	0.310701	0.333731	0.511026	0.564670
1955	19.55	0.310703	0.333735	0.511026	0.564670
1956	19.56	0.310706	0.333740	0.511026	0.564670
1957	19.57	0.310708	0.333744	0.511026	0.564670
1958	19.58	0.310710	0.333747	0.511026	0.564670
1959	19.59	0.310713	0.333751	0.511026	0.564670
1960	19.60	0.310716	0.333756	0.511026	0.564670
1961	19.61	0.310719	0.333761	0.511026	0.564670
1962	19.62	0.310722	0.333766	0.511026	0.564670
1963	19.63	0.310724	0.333770	0.511026	0.564670
1964	19.64	0.310727	0.333774	0.511026	0.564670
1965	19.65	0.310730	0.333779	0.511026	0.564670
1966	19.66	0.310732	0.333783	0.511026	0.564670
1967	19.67	0.310735	0.333787	0.511026	0.564670
1968	19.68	0.310738	0.333791	0.511026	0.564670
1969	19.69	0.310741	0.333796	0.511026	0.564670
1970	19.70	0.310743	0.333800	0.511026	0.564670
1971	19.71	0.310746	0.333803	0.511026	0.564670
1972	19.72	0.310749	0.333808	0.511026	0.564670
1973	19.73	0.310752	0.333811	0.511026	0.564670
1974	19.74	0.310755	0.333815	0.511026	0.564670
1975	19.75	0.310757	0.333819	0.511026	0.564670
1976	19.76	0.310760	0.333824	0.511026	0.564670
1977	19.77	0.310762	0.333828	0.511026	0.564670
1978	19.78	0.310765	0.333832	0.511026	0.564670
1979	19.79	0.310768	0.333837	0.511026	0.564670
1980	19.80	0.310771	0.333842	0.511026	0.564670
1981	19.81	0.310774	0.333846	0.511026	0.564670
1982	19.82	0.310777	0.333850	0.511026	0.564670
1983	19.83	0.310780	0.333855	0.511026	0.564670
1984	19.84	0.310783	0.333861	0.511026	0.564670
1985	19.85	0.310786	0.333865	0.511026	0.564670
1986	19.86	0.310788	0.333869	0.511026	0.564670
1987	19.87	0.310790	0.333873	0.511026	0.564670
1988	19.88	0.310793	0.333878	0.511026	0.564670
1989	19.89	0.310796	0.333883	0.511026	0.564670
1990	19.90	0.310799	0.333888	0.511026	0.564670
1991	19.91	0.310801	0.333893	0.511026	0.564670
1992	19.92	0.310804	0.333897	0.511026	0.564670
1993	19.93	0.310808	0.333902	0.511026	0.564670
1994	19.94	0.310811	0.333907	0.511026	0.564670
1995	19.95	0.310813	0.333911	0.511026	0.564670
1996	19.96	0.310817	0.333916	0.511026	0.564670
1997	19.97	0.310820	0.333920	0.511026	0.564670
1998	19.98	0.310823	0.333924	0.511026	0.564670
1999	19.99	0.310827	0.333928	0.511026	0.564670
